2457395.26691 0.7732988838757863 0.0012782926028523372 1.0286726581639256 0.0015771526022003539 1.352468083022346 0.0012747671772052101 1.3080107554009086 0.0010381787320407156 0.6706733629768551 0.0017028245652093064
2457397.30865 0.7743973869614421 0.001454805488267148 0.787029687125804 0.001370359963066597 1.031967195826517 0.0011119402428433596 1.0006576564187317 0.0009051036515416947 0.6841018309982089 0.0019349686509742962
2457397.31991 0.7707886719607902 0.0018635226814818187 0.48732533747867 0.0010923084702774398 0.6428086698894769 0.0008897694129082544 0.6216762796336529 0.0007219943972348737 0.6826628067208984 0.002491881522672204
2457427.75516 0.7821426275977508 0.0011944682896259246 1.2061026753005335 0.0017042234079997672 1.5690114967366482 0.001386667834406922 1.5150875735439753 0.0011270071524938107 0.6816187975506464 0.001572564602880339
2457512.67792 0.7851947936312973 0.0006601372973485123 4.209375139010155 0.0032736634100188062 5.443063827271157 0.0026601842316770945 5.278798246069958 0.0021561587791602576 0.6557430149487511 0.0008613777383288052
2457525.68614 0.7878556558881022 0.0007768676912984369 3.1373432773654746 0.0028611502053085434 4.053238688631261 0.002323390657292822 3.9110203832387924 0.0018765011057285221 0.6765354524040692 0.001008165177733516
2457535.6561 0.7818527830242561 0.0011359219410589532 2.0178560846942966 0.0027134326487275743 2.620403864853819 0.002205271044331209 2.541325116628095 0.0017882471381899974 0.6581343556842769 0.001488874079304172
2457538.66501 0.7851490735857464 0.0009002796660735788 3.3728482925285728 0.0035765830007177444 4.368514647720553 0.0029185369328040534 4.2230978396378065 0.0023516826509019898 0.6615827113170579 0.0011823292573970698
2457543.666 0.7858520774258153 0.0007971627195867782 4.253973077083456 0.003996070514284479 5.505112078172941 0.003224369466830779 5.321284388241015 0.0026044230109716973 0.67275191684427 0.0010281329506372592
2457552.66214 0.7972140292466648 0.0006501338444679652 6.641398573743886 0.005011087857095931 8.465149362322311 0.004003619265904721 8.196370204812602 0.003248238056791325 0.6607943173631063 0.0008228597887605685
2457555.6019 0.7861120027020648 0.0014940113155925126 1.307699287341813 0.0023023076592430026 1.6904023847949337 0.001852563250538492 1.6366026293682425 0.0014961669631234108 0.6740419979807909 0.0019315978390213612
2457559.67101 0.7983745858291739 0.0007622659711055968 4.98859755063461 0.00440087811069384 6.361558116657633 0.003548428288924003 6.135326526666942 0.0028691376920702374 0.6643972177056854 0.0009733609783380554
2457566.65226 0.8061569315852828 0.0006225350840234141 7.504723775184761 0.0053507840190882726 9.47962263604285 0.0042967356933342 9.13889562299377 0.003469304846588114 0.65259315351936 0.0007979210259253242
2457573.599 0.7923540831388763 0.001088036699710743 2.454470321283502 0.003116375439088966 3.146716912867318 0.0025179068474566273 3.048670663253257 0.0020393156515437173 0.6539002646390133 0.0014150696341048593
2457596.43644 0.7914530408445126 0.0022659607957715828 0.35536218270406883 0.000941115538570391 0.4539886753187112 0.0007619967648200725 0.44401073681288644 0.0006112437970304773 0.6656802324273303 0.0029357629787196107
2457611.59166 0.7952396131158538 0.0023127887099179834 0.3542061089459112 0.0009528539863326288 0.45252532781438626 0.0007693021793247744 0.4382907309030232 0.0006143836320183345 0.6424596880494859 0.0029729392624649473
2457617.44634 0.7889787710091687 0.002198721854673403 0.43721745420118857 0.0011294018774274284 0.5620898392418741 0.0009035396298794213 0.5462225013853688 0.0007258415225557911 0.6558135710887519 0.002793029195827894
2457626.40365 0.797449283842839 0.002088993613108335 0.4930791829602193 0.0011950321486866677 0.6264052111917818 0.0009587208944620778 0.6102356459775002 0.0007696561897106658 0.6511238610147401 0.002640319743539539
2457627.37014 0.7984322381870732 0.0022513508969497316 0.4222533856913195 0.0011012802781188765 0.5360072218406369 0.0008848880001194291 0.5216990317297138 0.0007084830609167288 0.6478391912420697 0.0028611484850967653
2457628.48784 0.7965123559879687 0.002266539814492879 0.4257161771428996 0.0011218818953224472 0.5422547528861275 0.0008940151682588926 0.5266958388843035 0.0007195716301327526 0.651009786072979 0.002871672108081695
2457629.56324 0.7996958548213111 0.00218487763546176 0.45721280343573667 0.001156825921183341 0.5785995224412058 0.000917591178258655 0.5648672110156009 0.0007400437257535821 0.6561164852683656 0.002755396458584399
2457632.54511 0.7955730399062189 0.0021851876841731915 0.4479114178378703 0.0011374079082126472 0.5727693434302689 0.0009216404991679289 0.5532402003085927 0.0007349173456730621 0.6422048422159724 0.002823262210538475
2457633.39977 0.7945791304820782 0.002461921570790231 0.3612946476471626 0.0010354376228631148 0.4609835612858441 0.0008364781805421938 0.44841522301890346 0.000668621533145996 0.634992152000888 0.003169528091528311
2457644.45905 0.8033279240306843 0.000975892509935542 2.111705697188943 0.002369421012618723 2.674025225807244 0.0019029262387073838 2.583368757445561 0.001539818032911017 0.6556531683986899 0.001231632745241878
2457645.49016 0.7859136526959786 0.0014463580962030594 0.9597353462515206 0.001636323430503984 1.241319197584206 0.0013166927573634824 1.2010237823583578 0.0010626912593483244 0.666805337694454 0.0018582336382173528
2457646.35199 0.7958905265828357 0.0013290578666673393 1.1677395249235218 0.0018048052935754487 1.4947719863602813 0.0014452483808260425 1.439650489899673 0.001163661967283663 0.674861121558095 0.0017095170794516113
2457647.32243 0.7816664139848984 0.0018994211710509897 0.5843747175973037 0.0013166004803346362 0.75883040587667 0.0010601324790861242 0.7363719135326775 0.0008536670251537221 0.661870060674163 0.002438881353614309
2457654.33727 0.7947894620645082 0.0020332042758236255 0.517162295721345 0.0012237747296720365 0.6614439340544419 0.0009861748878710705 0.6399379297110596 0.0007921049484500168 0.6595999618910449 0.0026018894630120046
2457655.37752 0.8124817824925872 0.0014834150543891944 0.9884953344690388 0.0016681472965579909 1.2348574274022814 0.0013187179704150156 1.1984164152098329 0.0010659400649964265 0.6647426750677667 0.0018691861805743518
2457657.34665 0.7796499594448149 0.007838011526957223 0.05801190015185496 0.0005430208846467999 0.0761139205014202 0.0004336077216613258 0.0727013252356923 0.0003313861460662848 0.6344107045838449 0.010222722622101825
2457659.32329 0.8048207304350465 0.0011546727730414542 1.5840979299302829 0.0020985338626532224 1.999019649011869 0.0016878524286794365 1.937504026450609 0.001361077607145498 0.6538164462102148 0.0014865089951954103
2457676.34189 0.7813229785871226 0.002094628560207584 0.39985253245143565 0.0009926608438498444 0.5211005781559234 0.0008101144894054716 0.5024262946220784 0.0006452961931329568 0.6756405690623543 0.002741246982624506
2457678.28089 0.7920201182479841 0.002168252140083102 0.3808683343863083 0.0009645726401327814 0.48778500857082663 0.0007798783854007929 0.473979284055531 0.0006256467223764355 0.6762364328506514 0.002820851986681277
2457679.26746 0.7969786565133166 0.001738659941106705 0.579891320002281 0.0011695702428256764 0.7378748365750549 0.0009428209641148935 0.7173493786862022 0.0007584853603402195 0.6741586697754534 0.002239309117827521
2457684.36138 0.7924726120090547 0.0018422680650084444 0.5186850938756588 0.0011156157013638857 0.6643878670645432 0.0009002119119157538 0.6446418357051276 0.0007231447574491835 0.6797856306119568 0.002396311717541814
2457685.31838 0.7859247564676685 0.0027699535391443653 0.2413988304087671 0.000788161927269979 0.312093827191373 0.0006377282021869772 0.30221136785994945 0.0005080425780388133 0.6794379594986445 0.003632597284154448
2457688.2922 0.7884049634194218 0.012534700239269779 0.02534773005014759 0.0003748806297092229 0.032479948555746825 0.0002997522313675458 0.03182134640366329 0.00022561514610660167 0.669669282171521 0.0165537761926526
2457689.26351 0.7845658111390152 0.0014310806787171356 0.8067747394917375 0.001362008018528609 1.043455045617802 0.0011040507798700356 1.0131595252375853 0.0008938050003497482 0.6824104077475702 0.0018758511728918892
2457694.27854 0.7879921714687971 0.0013059896853417246 0.9780361985756179 0.0014999404019187712 1.2598881763471683 0.0012140807901019142 1.2224618621121823 0.0009793360792803643 0.6830771883196063 0.0017057566774220062
2457695.29282 0.7783649596469674 0.0021987540236467146 0.3581189311156839 0.0009371133642915646 0.46848996786783775 0.0007651655869402805 0.45169259348001917 0.0006109255413326165 0.6781187474872991 0.002890609251773902
2457698.36403 0.7925755338220022 0.0021447635286016334 0.3939362127902144 0.0009863821426284198 0.5040815827292455 0.0007949626835447721 0.4899844614004618 0.0006393711256867275 0.6810209839209466 0.0027913307543077632
2457704.43112 0.798991996981616 0.0011975302901608873 1.2204382207434057 0.0016910563816013616 1.5553822064063918 0.0013604170435326775 1.4995625874185874 0.001093706205956019 0.6802461542659894 0.0015489468549981602
2457705.29092 0.8097619878510256 0.001432198372019807 0.8823106334371081 0.0014406147725842889 1.1087466461557738 0.0011530929254247875 1.0704384642212015 0.000930274598501031 0.6825640358770934 0.0018458464901679695
2457711.268 0.7883240864427957 0.0012258807349251257 1.1457630395889282 0.001650439553147122 1.4769073468698581 0.0013234636241239027 1.4299251584238128 0.0010716631846430593 0.6733045476428935 0.0016084723962130137
2457738.35734 0.7730662287055939 0.0021554162322581787 0.3908343474238606 0.0010102587146123812 0.513089871742356 0.0008237023641232847 0.49803785033720105 0.0006618809854707341 0.6801383942496854 0.00283964856577821
2457793.75461 0.7735445144743784 0.002609970764292458 0.2940651009143409 0.0009198350012134348 0.3867926145276279 0.0007528663656662977 0.37351295396097395 0.0005983050103613077 0.6746456194278075 0.003425097766696328
2457814.6995 0.7775251998951406 0.0007619664468908943 2.891057452913058 0.0026226247270576463 3.782460814672159 0.002150106692096914 3.654101893013599 0.0017259038409303518 0.6819039022486395 0.0009999666087594514
2457821.7315 0.7715201730709247 0.0008184269182671828 2.3961387771671103 0.0023545325395449425 3.1640164247700864 0.001932036077154 3.047457651480248 0.0015587018916849954 0.6803767989131801 0.0010765503260726503
2457828.65391 0.7808774608580304 0.0015332227006150262 0.7903669249203246 0.0014369982995639753 1.0292166616295424 0.0011692983776580034 0.9950879560293335 0.000940569278087745 0.6795262228617702 0.0020060968043056743
2457834.70484 0.777188983358545 0.0014236658572789245 0.8678053545540777 0.0014741974516216138 1.1348148622143437 0.00119169806202136 1.0983751935786323 0.0009604773705472025 0.6801958229610405 0.0018520097280444532
2457857.65601 0.7800287054104821 0.0008539973218619967 2.3108782000460866 0.002340805269276651 3.0101869816475726 0.0019183238252615347 2.9149236816324686 0.0015423294167484594 0.6527295166618865 0.0011135522364026497
2457858.63776 0.7798341048967843 0.0012979892402159938 1.0398074560246224 0.0016016070771089066 1.3565119416155713 0.0013121562328320814 1.3102282009234554 0.0010524744455119987 0.6573384460192783 0.001702493684246784
2457859.63708 0.7759171579273687 0.0007908930564861864 2.730934874764804 0.002580494554252757 3.577869346444036 0.0020935467313696076 3.461374075004929 0.0016903199699407657 0.6657791049228965 0.0010185429162650826
2457864.69002 0.7888780719836923 0.0008525649313189871 2.420130388211396 0.00241968481264702 3.11444069969822 0.0019605516720106464 3.021185258634729 0.0015791872716232854 0.662000523326413 0.0010917505075120793
2457866.68056 0.7966485837928275 0.0009264555545893799 2.099053694029986 0.002255456894131259 2.674777404636356 0.0018267113039523832 2.594933071810948 0.001468881346258498 0.6500871658167501 0.0011918547427848944
2457876.67974 0.7801862373525627 0.0008601081001682919 2.3052941702179988 0.0023519538922116725 3.0045513963022974 0.0019242081375069162 2.9050482860521267 0.0015462677141249107 0.6587534674135672 0.0011250346302409228
2457877.58321 0.7736658491450427 0.0012243262806863797 1.1271145343780518 0.0016515373956693382 1.4804783962297101 0.0013582697796548564 1.4332201614191658 0.0010900195907276914 0.6706051116383743 0.0015965732231639016
2457878.64024 0.7964252472303383 0.0014730776757853911 0.8407178738359677 0.0014371111012754212 1.0710950470562521 0.001162896468401108 1.0401335378226482 0.0009338883547571775 0.6587331057486029 0.001873242622966063
2457879.61555 0.7787796875946394 0.0029645221624448395 0.22926891235441998 0.0008103714440682768 0.29862730666785176 0.000651038351607022 0.2901628634059115 0.0005181521414920013 0.6702208254950046 0.0038355300316361414
2457887.5949 0.7840701630000956 0.0012632632782722203 1.1063485852742598 0.0016490237447223817 1.4333567310732307 0.001347656300356789 1.388708531660469 0.0010789465756213521 0.657239165690665 0.0016502453329426058
2457889.65343 0.7840891238600266 0.0011695306262339772 1.2722523363970093 0.0017554764315809025 1.6463282137897843 0.001434045635368595 1.5988445546674102 0.0011502439339944822 0.649551805733593 0.0015159495671994434
2457890.53155 0.7763130628088922 0.0007711866690693486 2.870835855089385 0.0026431066248204663 3.755924193571645 0.0021495858923602958 3.640153478242849 0.0017301672613287045 0.6637250719920895 0.000990683664768913
2457892.65518 0.7705160808164717 0.0009293334758492267 2.0140658267613114 0.0022524399897144317 2.6591763496398926 0.0018420057775306532 2.5686595824203993 0.0014773272852121853 0.6751876248255415 0.0012112684074254607
2457894.62719 0.7713987890384462 0.00090858088114821 2.0445007496866685 0.00223320803262222 2.6893929587283605 0.001817405473146337 2.6113691859339414 0.0014673265962392246 0.6665344226721466 0.0011744013445061812
2457898.58721 0.7811471178551751 0.0009171063218266838 2.051212848243067 0.0022288595217722397 2.663288354034155 0.0018156738032848797 2.588508142060355 0.0014682303051134576 0.6603685383741994 0.001178025196963873
2457901.59651 0.7892074564302751 0.0010762144055932357 1.5462816600072182 0.001950191133250277 1.9907466215147098 0.0015831712335557474 1.9278216773742123 0.0012739387583039627 0.6552866216467089 0.001396777625347605
2457905.49149 0.8118056034174744 0.0008820186406539813 2.4166717488886946 0.0024227351679368286 3.0119547539568963 0.0019403337722992452 2.941864088177681 0.001566511552631103 0.6611380058761638 0.0011119867617685741
2457907.55965 0.7871531646181875 0.0008575434963666986 2.3659141023280257 0.002383657287329566 3.0473235524292535 0.00194035840987608 2.963994723793707 0.0015629384635547224 0.662996412134251 0.0010991839180270909
2457909.61664 0.7798843998790644 0.0011591104028099042 1.320310925615245 0.001818406446613884 1.7212051935229742 0.001476038078195528 1.6647092466683764 0.0011830980486672795 0.6704323564524699 0.0014945434001876273
2457912.54162 0.7812518759739078 0.0009447625917681698 1.9506380907420455 0.0021858053421324624 2.5347220167307785 0.0017674577049209715 2.4588995046521487 0.0014252533868182422 0.6703125474778465 0.001214285223796969
2457914.53481 0.7992632519692758 0.0008848923556875448 2.335736266497908 0.0023925038617106293 2.9555687711272443 0.0019080992752608427 2.889154505572821 0.0015460354604172884 0.6609634159248913 0.001115886694242834
2457918.64362 0.7875243884611821 0.0008808800384409024 2.311516924151059 0.00239443635978113 2.977688929564516 0.0019280227071243555 2.8926484416189946 0.0015557839885056016 0.6659210155155578 0.0011221834578978218
2457920.53565 0.7868600424946243 0.000959936562642206 1.9377965084437667 0.00218934352003164 2.4969948865997957 0.0017635654627294226 2.428395662652819 0.001424298313910807 0.6670905753396005 0.001226617707841015
2457922.48431 0.8016301014944529 0.0009038097944386282 2.2433234129921864 0.0023371111179361593 2.8294960327551397 0.0018770275936844634 2.7674080974915447 0.0015157378156303622 0.6582437710876268 0.00114134863889077
2457930.67087 0.7867014383155763 0.0009407704395890701 2.0179083450087187 0.0022351410300887192 2.599657695897868 0.0017988414352991713 2.53039100295619 0.001452715766679947 0.6628246426457375 0.0011961935922569415
2457934.43668 0.7834373619592738 0.0029815641857496053 0.2223972718594438 0.0007840897095629646 0.28814533080013705 0.0006371027148023058 0.27960209269076586 0.0005060365751906591 0.6624457886140668 0.0039443255651651805
2457937.49985 0.792327852151211 0.0011266557750950416 1.4084503519333016 0.0018519699359493325 1.8062435783131021 0.0014992181869149925 1.748977528983041 0.001206548972798958 0.6724899178152807 0.0014492313291266784
2457939.64219 0.7859500256209475 0.000933875937157335 2.014001055010434 0.0022167323680901403 2.600313343632389 0.001785528763814125 2.5246971261344457 0.0014406300222105618 0.6644470192071382 0.0011928286190564918
2457942.48998 0.7890754278279871 0.001390805872976586 0.921859421972501 0.001503298017931946 1.1874312191781864 0.001219769010345652 1.1491246776643143 0.0009771542595659799 0.6736876320227906 0.001798813740596254
2457945.40517 0.8034585716630273 0.0009662166578140554 1.940219638711315 0.0021552274622880898 2.450930031252579 0.0017316220822509768 2.378739368366568 0.0013974074436550448 0.6683360268922754 0.001226810481009622
2457947.45652 0.8081728484435401 0.0009598079055277894 2.026674712526387 0.0022252761708358637 2.5390324710120615 0.0017649719940441698 2.476416183145423 0.0014276775201838184 0.6589168829803244 0.0011991805264261936
2457953.62921 0.797034214018242 0.0008610893175829282 2.407945790533292 0.0024034304147476037 3.057856658671765 0.001944254644936619 2.9844078970582864 0.0015686591790566738 0.6578451835194767 0.0010909728814443023
2457956.44966 0.7964815405736704 0.0009509164006652412 1.9815377724372734 0.0021856702944601913 2.5226399906983614 0.0017707194532783248 2.4530880619820796 0.001425674269150784 0.6693663406561436 0.0012177296209263052
2457958.68295 0.8087264147238001 0.0009283934326066048 2.162375496605695 0.002292121083559385 2.7197062574641806 0.0018354875090272464 2.627900689056045 0.0014783110576002709 0.6656479582920445 0.0011964987980921506
2457960.38073 0.8061025007713762 0.0009219453488229488 2.227304630360361 0.0023517564996698046 2.8010136430145156 0.0018917302301938062 2.7250940870297584 0.0015235052557381332 0.6526796373760074 0.001180757157274018
2457962.42256 0.792046596151762 0.000942942033189452 2.052010724100016 0.0022590805480084057 2.63034914580869 0.0018267116585722332 2.551191268782867 0.0014749802448850082 0.6602993863773853 0.001227456387757244
2457965.44832 0.8080329800169478 0.0010152678743580693 1.8698478957354012 0.0021694846234878527 2.3455134395142676 0.0017354906680175654 2.28263402965508 0.0014032226676884824 0.6690545100738552 0.001290882939940905
2457968.39238 0.7975611409676437 0.000968042226925895 2.0207934482344267 0.002269765185200236 2.5689329135585837 0.001812943710495287 2.498499147593975 0.0014652861052333241 0.6628642598070634 0.0012221195133603278
2457972.69234 0.7961340165822313 0.001149054890140962 1.4284771882881553 0.0019054336927255948 1.8135991527679118 0.0015381328720917807 1.7749353364894265 0.001243674735531467 0.6378583302832099 0.0014659319650947608
2457974.38677 0.7919073793402844 0.0009529289838320692 2.0444845567315313 0.0022744879158354348 2.620105120307165 0.0018444178236412178 2.543338509766679 0.0014854273222056065 0.666744752581437 0.0012202514072021833
2457977.60681 0.7996536179793128 0.0008956944501513118 2.46836378210682 0.0025549635821173694 3.132348536605566 0.002055381831920784 3.0412339411283793 0.0016610103139249003 0.6675855019794686 0.001140922075125888
2457979.68467 0.8098669012241136 0.0010619516783042242 1.842021946249337 0.0022329866496623454 2.2961618807953847 0.0017658687648143749 2.2527879366749213 0.0014326175353297226 0.6489215985314166 0.0013149153664776384
2457981.36537 0.7896375401879929 0.0009520617052448322 2.186285444374742 0.002441468067829828 2.8024158460993163 0.0019559297938104197 2.7350246455324325 0.0015844508966219354 0.6493024632696766 0.0011962252688230291
2457987.49914 0.7853319980807093 0.0009064992469251822 2.36211123548705 0.0025260086833998343 3.05340898120907 0.0020324415813409926 2.9621646647390567 0.001643502724709179 0.6665143537722936 0.0011602398224582948
2457989.34487 0.7989025403727018 0.0010434479670137914 1.876850898923545 0.0022682942686913575 2.381317660002641 0.0018100322648803343 2.3172552048375734 0.0014624008622089615 0.6537775880746263 0.0013060819594231808
2458000.4299 0.8097110750485791 0.0008671283365712186 2.797257316523585 0.0027687534677532945 3.50892539427314 0.0021975808115034193 3.40034731477499 0.0017745157541213554 0.6653451272871023 0.0010889019548662037
2458002.5142 0.7998435729873863 0.0008907671937585686 2.6095513043732477 0.002688706750025493 3.31423252569118 0.0021466379424470894 3.2109216232048836 0.0017320907289621393 0.6648558299686069 0.0011262279949776771
2458005.47857 0.8010145803791082 0.0010376862741945745 1.8620498887563155 0.0022282990987067585 2.360375153257492 0.0017971409191852887 2.2888532986766412 0.001446060556324566 0.6605286940558859 0.0013409690712731087
2458007.50744 0.7971189745370773 0.0008969848370133548 2.548807354296668 0.0026508060858514504 3.2495344449097003 0.0021382749571839145 3.1455143137197745 0.001725783077305514 0.6668262388803649 0.0011466445720841273
2458009.4413 0.7939943143376231 0.0015561486278805727 0.8705960322042992 0.001580156562633427 1.1118494209269403 0.0012625267704738513 1.0811033911610906 0.001017828178318077 0.6580743054225968 0.0019681707679960105
2458017.36881 0.7988500213426858 0.0009179506207442087 2.492096339241933 0.002646522173510639 3.1701389206966883 0.0021310329397452366 3.0690706246777584 0.0017197585574745653 0.6690773672445748 0.0011784991697484715
2458020.51774 0.8063578404915538 0.000892754156621754 2.65774058891555 0.0027172812058566752 3.3509550573120657 0.0021798877582545296 3.2410081021095576 0.0017577844467388298 0.659285145580829 0.0011479675247776154
2458022.30965 0.8047340044999988 0.0009258350059451561 2.475973624294087 0.0026300489287029126 3.1308488051096597 0.002120153507762063 3.022671763049929 0.0017028558575435783 0.6607246600350041 0.0011928324826566779
2458025.51172 0.799710123452579 0.0009318494796546171 2.3890046251231225 0.002575440915501579 3.0295715306846187 0.0020546185798348813 2.945104930353792 0.0016615919511936059 0.6613994996226005 0.0011761073773289895
2458027.38018 0.7991458256346413 0.000866645988539386 2.790266682361734 0.0027993498512440757 3.5428386137519086 0.002232983250850176 3.4402840976652347 0.0018114713806528756 0.6621357983998436 0.0010988280366953256
2458031.41128 0.8064359663261523 0.0009166333500135257 2.578250727411044 0.002705695311143152 3.2501150158280177 0.002178720420118439 3.14407084658255 0.0017460060162238409 0.6761337055281387 0.0011743748389532551
2458034.49849 0.802163442102183 0.0008228275556768887 3.1948320845077776 0.0030314899892750938 4.047867852197567 0.0024137814836180565 3.9176711310681545 0.0019511271611303363 0.6754137756331688 0.001046607526999493
2458041.40735 0.8024141010100231 0.0008655397044392805 2.8578570232552996 0.002848388280226539 3.618456286443791 0.002284147585811689 3.5046912745425574 0.0018481411824301103 0.6768344258516116 0.0011113400035267424
2458043.41509 0.7905779459804059 0.0008933373557491182 2.6365587382481017 0.0027588951830749436 3.392751561923766 0.002213610263081721 3.277201101576027 0.001786738522037133 0.6811652007265119 0.001150831678591958
2458048.39037 0.7999904376418773 0.0010991772740676239 1.8130432448144687 0.002301131097444759 2.3060447062160954 0.0018597570687242655 2.226617584495168 0.0014937446385838975 0.6795608918560536 0.001416451333780135
2458050.47742 0.8041535878038711 0.0009436326333618129 2.4990786798929765 0.00270917356458451 3.157882291666219 0.002171266621857434 3.05754400946592 0.001755132920037257 0.680257426277349 0.001210093698563214
2458052.48259 0.7905654221078678 0.0010082700607128789 2.14044523444669 0.002528282475445517 2.751838570749256 0.0020267488367254546 2.6631344968551085 0.0016359958684656654 0.6662024070821899 0.0013090752810319072
2458055.39717 0.7970820287420473 0.0014049125118733245 1.1196735541699296 0.00182462202082575 1.433094579988802 0.0014738037714580726 1.3763366047463386 0.0011781308076566314 0.6754464102456095 0.0018069339045582718
2458057.27488 0.8152743435429367 0.0009435532848079642 2.531664555355654 0.0027040391335116645 3.1611947131828524 0.0021572890780445397 3.049388449176464 0.0017342844379270458 0.6823045630328347 0.0012048978771747147
2458059.30501 0.8103458742379573 0.0009630675681036352 2.5081163725610507 0.0027512716127683977 3.1480270294432944 0.002206303313331244 3.04220963936103 0.001773935773592715 0.6826149490931748 0.0012314928069042626
2458065.34141 0.8124042503602132 0.0008203320520832304 3.6000657606933077 0.003355193998320665 4.509608925228387 0.0026845902513018115 4.353135845240424 0.002157675454100364 0.6811763663235576 0.0010470089420990458
2458078.36706 0.8084396766371552 0.0008366627641554955 2.0001712431341914 0.0019109303041248203 2.5198235897950725 0.0015344555734535523 2.428402730452469 0.0012332822285621983 0.6822876018397438 0.0010737369474568706
2458080.32032 0.7973802069177911 0.0008493109723314447 1.893757062443232 0.0018639314195598247 2.419041503483141 0.0015053170553674328 2.3309060021450647 0.0012139101692402803 0.6797161181648702 0.0010983867326212634
2458082.31315 0.8045939980875642 0.0009567961056783014 1.5851957353494934 0.0017404246105637313 2.0016895841199456 0.0014017816822086194 1.9386722359218096 0.0011291839789356385 0.6840791130225763 0.0012335449589284265
2458084.28962 0.7931489063742618 0.001105199081319428 1.2358647413172965 0.0015914991808059368 1.5883545448594059 0.001294424073068827 1.527995314253004 0.0010373014769450226 0.6804412663281006 0.001431476241255388
2458093.28787 0.793782143842066 0.0007623290544676232 3.4741016303078602 0.0030840593502396933 4.464088040338436 0.0025012308879639347 4.289199388105105 0.002007685742351357 0.680972767090264 0.0009884895689001374
2458094.27618 0.7884737394634364 0.0007705807682355718 3.4300794722670216 0.0031003212057668116 4.4326060724930025 0.0025214324277624293 4.267948684349559 0.0020251159664885915 0.6789614063973279 0.0010016951314430467
2458095.27655 0.7933923171402028 0.000781100790597305 3.4688831163664995 0.0031575777752685555 4.449269219183586 0.0025550192186995085 4.2951641246384265 0.0020565637488402675 0.6813999185872676 0.0010133993758014775
2458096.24915 0.7982595352075235 0.0009019353991602024 2.694440867941258 0.002813559370623856 3.4289343063260467 0.002269318678254536 3.32185475187364 0.0018270783868544237 0.6837071161083784 0.0011679970168119494
2458099.24974 0.7839702973025792 0.0032837794092407573 0.2570813300751023 0.0009978541560279823 0.33370583976658297 0.0008096021953228359 0.322138727201443 0.0006409635164876433 0.6740399231109482 0.004271617244112994
2458105.25274 0.7937193699885746 0.0012070620574060234 0.9607203582585868 0.0013504910833772059 1.2326873363332544 0.0010964775271141045 1.1881187938545879 0.0008780769412017712 0.679872882286329 0.0015590909436378367
2458106.38764 0.7969440096852791 0.002026974420791451 0.35624302039712163 0.0008377087651036661 0.45245929284298675 0.0006760373969420824 0.4415634140666378 0.0005420904051117209 0.6875763726645603 0.0026379629374458104
2458110.24714 0.8123351352185497 0.0007498180360323751 2.5162725489018327 0.0021425364015210256 3.1503914053558457 0.0017196087089451986 3.044767316234739 0.0013846071151789924 0.6834455181895132 0.0009599990578601107
2458112.25951 0.8093466429938113 0.0007600296149786668 2.454102188853894 0.0021270834523399217 3.085315831950013 0.0017052700931279377 2.979087375496563 0.001376576345960516 0.6700647043489081 0.0009840611726939963
2458114.29073 0.8176411834781869 0.002110287943317482 0.36204949526463526 0.0008625418571493144 0.4495930714716374 0.0006860664508239512 0.4360019855789448 0.0005497574891644066 0.6716963109024676 0.002734009877202453
2458118.28123 0.7893790530082222 0.0009545161875571735 1.4831542105510318 0.0016607710122788547 1.910544903345511 0.001334267865207249 1.8472295268193673 0.0010775981982612903 0.6690987943036575 0.0012455623618058027
2458120.25659 0.8051255461068433 0.0014635541769110927 0.6932428873191445 0.0011639777896698532 0.874618971431759 0.0009340132206887986 0.8474550347187018 0.0007527217725207536 0.6716185749751338 0.0019090232120255626
2458121.25417 0.8138384155174717 0.0008306542729648914 2.1543124974784202 0.002029043641187671 2.6918466955843106 0.0016194145777689202 2.6023553386330605 0.0013086546025831455 0.6707771205529693 0.00107190776017396
2458131.24839 0.8458669918358491 0.0008343420669454065 2.462178830373085 0.002233240447102788 2.9629552939259414 0.0017593237949499144 2.858713725287663 0.0014132109663149985 0.6816010165388037 0.0010423037049355434
2458132.31411 0.802405304277913 0.002644382949216037 0.2343076672089302 0.0007135715250730249 0.29720203842677123 0.0005758525487657597 0.28681121761665535 0.0004575430751384323 0.6770612454065581 0.003416139391229146
2458135.25993 0.7971040236964776 0.00115250074548647 1.1100394634877222 0.0014831276954192572 1.4116841311186132 0.0011949087850938408 1.3734968000728833 0.0009699338491838644 0.6861343296618532 0.0014935839964555764
2458136.2608 0.7936700288223858 0.0008659509327820919 1.8834905482954898 0.0018993678196510724 2.416714095733535 0.0015393857605699348 2.3295670536003614 0.0012405308936732466 0.6816352550629551 0.0011228919834324685
2458138.27357 0.7948539799255487 0.000945169320772882 1.6605667754755182 0.0018251431315424265 2.1241227757762857 0.0014750941056538935 2.0541711433937677 0.0011914300138034818 0.6817887326693913 0.0012250579027384182
2458139.27329 0.7972995562390054 0.001790892071243045 0.4906000065601478 0.0010191375558120854 0.6238414042852294 0.0008202495371592719 0.6068127525398155 0.000657985254800207 0.682881846142018 0.002325166960725139
2458140.27569 0.826309809611592 0.001358736979063559 0.8746712313870252 0.001326011957852884 1.0759135463707883 0.0010512255254896729 1.0411404234911101 0.0008441972436541545 0.6837209971011009 0.0017271175205022578
2458142.26424 0.7933329869346991 0.0008777535252756436 1.8384521876351307 0.0018803880489542968 2.3559622202121036 0.0015225354932121762 2.278793217699512 0.0012270518250562898 0.6824625083944257 0.0011397926081917087
2458143.26075 0.7931112792039564 0.0009108354256832471 1.728302318474342 0.0018377014596801175 2.213504906271545 0.0014730944714938597 2.144779646708295 0.0011859984693052736 0.6838455310721526 0.0011727001735057675
2458202.69313 0.7969383883477068 0.0025211511089453277 0.29366787420264606 0.0008608116395442121 0.3748876714790371 0.0006862613251041812 0.3621024860951461 0.0005459544463728428 0.6707785675581713 0.003219093296994915
2458237.53366 0.7893407631023044 0.003515258391970852 0.15161017508342348 0.0006260504321763584 0.19540663782349774 0.0005034756085532298 0.1887371494238706 0.0003961718747872237 0.6598559062575273 0.00448362299628275
2458269.56177 0.8148143159356268 0.0012363621312679318 1.0681361798512734 0.0014949079117801618 1.332041009520808 0.0012004128746891467 1.289749400788232 0.0009597115006970711 0.6576622742278174 0.0015743155994438357
2458299.51376 0.8167648790961568 0.0009259227231578194 1.9043058864140914 0.001991987251251325 2.364525035233565 0.0015890837290515362 2.2985204388113583 0.0012754470573345758 0.663804875824669 0.00116062018647791
2458329.64624 0.8136179681971564 0.0009146648765074328 1.993595487084882 0.00207036127402791 2.489124234293548 0.0016440778321029313 2.411444742820765 0.0013219426049594855 0.6633479156746551 0.0011415811911643081
2458359.53922 0.7985555394635597 0.0010344531074278091 1.4694432525311487 0.0017584613237610735 1.8689830451146932 0.001423803181385346 1.8112700616842823 0.0011423354305086203 0.6496040580661117 0.0013274989453762904
2458392.37367 0.8552115435253856 0.0009828209011399339 1.8651196709994613 0.001972954049806469 2.217633506781618 0.0015259427253155402 2.1441403376428703 0.0012284860839142304 0.6672175719503483 0.0011968969247063647
2458427.47781 0.7988531925008291 0.002794734484510178 0.2570236641271361 0.0008326421941528289 0.32697181498080913 0.00066548505839115 0.3165097822386183 0.0005285810200818772 0.6588786981323675 0.0036106963436897837
2458458.2414 0.7969552420122069 0.0009580071855694112 1.823243680646864 0.0020256483527623945 2.32969790781048 0.001638140408150642 2.2458254955952466 0.0013140193673136203 0.6810362979404009 0.0012396321748843115
2458488.30837 0.7962667144497463 0.0008552824436701134 2.610820951132939 0.002594613340535661 3.334923039019947 0.002081060448046189 3.222731334206305 0.0016769066182519918 0.6693485968125266 0.0011098497300001816
2458528.7422 0.7940950728474244 0.0009101375280827574 2.1606798192202032 0.0022895264884833675 2.766451936372569 0.0018545822571080705 2.6754148956996944 0.0014868649288836445 0.6812934203827566 0.0011772008274235114
2458560.71729 0.7874121515976844 0.0012956845004980237 1.1184478792650947 0.0017044169321725818 1.4443913433753268 0.0013755160660038892 1.3964281105681469 0.001103556809617993 0.6760503740822881 0.001666420965115383
2458590.68738 0.7987462422920947 0.002345687559513852 0.3755463394573179 0.0010195376561675377 0.4774438410151935 0.0008250414240388279 0.4628957050705427 0.0006543747473641087 0.6532080952001672 0.0030322991460266582
2458621.49289 0.7770858707580577 0.002691289240086632 0.280637114987535 0.0009005929013853706 0.36653251502108064 0.0007387694203385813 0.3557483178906535 0.0005823246895829465 0.6588792737590018 0.0035538691441670523
2458655.52824 0.7925908433726242 0.0009900986501557433 1.9771922559573734 0.002286117652501827 2.535189903118241 0.001840742679585474 2.4539978284584847 0.0014754801835645348 0.670884899635929 0.0012606608738986952
2458687.61275 0.7951408657222075 0.001003586076440469 1.8141606177313854 0.0021165190827192094 2.315014578926731 0.001713254146831245 2.248102966499956 0.0013760855083946128 0.6509843086089917 0.001289934617380169
2458718.35184 0.8069891329950176 0.001187968544549145 1.3962112988455821 0.0018977372648054111 1.7560823270132844 0.0015256641700410124 1.7042153195330971 0.0012245845548386513 0.6596685287269796 0.001498637069841302
2458757.4472 0.7817534411155336 0.0009645431265027868 1.975724917033623 0.002258464957590055 2.5692814177190755 0.0018294672388054552 2.485317163169384 0.0014703332237316034 0.6697365511477367 0.0012404848410918787
