2457563.66099 8.95257458091 2457563.6602 8.948004 8.40232 car-20160624T03h35m11s-sci-gtoc-vis.fits 0.499416666667 1800.0 8964.82715639 8940.59287481
2457569.588 8.80321550871 2457569.59126 17.665489 11.3188 car-20160630T01h50m04s-sci-gtoc-vis.fits 0.491186271243 1800.6 8816.11794718 8789.85934201
2457575.61747 8.43240256243 2457575.61634 8.377874 7.06889 car-20160706T02h31m48s-sci-gtoc-vis.fits 0.506520555556 1800.0 8445.42553164 8419.95538684
2457584.59445 7.79684699351 2457584.59366 7.792279 8.41022 car-20160715T01h59m08s-sci-gtoc-vis.fits 0.478826111111 1800.0 7809.32575043 7783.52747318
2457591.51688 7.26284370882 2457591.51609 7.258279 14.6147 car-20160722T00h06m37s-sci-gtoc-vis.fits 0.497443629901 1800.6 7276.37190624 7249.12397184
2457594.58057 6.87923201802 2457594.57978 6.874665 9.81384 car-20160725T01h40m40s-sci-gtoc-vis.fits 0.496645464785 1509.3 6889.97150325 6868.57098095
2457596.52948 6.73306029036 2457596.52869 6.728546 16.9983 car-20160727T00h23m52s-sci-gtoc-vis.fits 0.52119296103 1801.4 6747.38379205 6719.98101759
2457597.44527 6.73320772214 2457597.44556 16.764423 -7.56019 car-20160727T22h23m33s-sci-gtoc-vis.fits 0.489007883633 1801.2 6745.49309074 6720.03018966
2457610.51532 5.0509248737 2457610.51453 5.046422 -28.2907 car-20160810T00h03m32s-sci-gtoc-vis.fits 0.506081598668 1801.5 5064.82240061 5037.56568678
2457612.45812 4.8588154973 2457612.45733 4.854309 -8.54928 car-20160811T22h42m05s-sci-gtoc-vis.fits 0.473891540853 1801.6 4872.0741411 4844.03259943
2457613.43402 4.75483542849 2457613.43323 4.750336 4.57038 car-20160812T22h06m13s-sci-gtoc-vis.fits 0.512232217225 1800.9 4768.86535356 4741.30604856
2457618.5556 3.89972524197 2457618.55481 3.895219 3.90245 car-20160818T01h01m12s-sci-gtoc-vis.fits 0.511558318992 1801.3 3911.85345416 3888.63153071
2457620.52186 3.65244124644 2457620.52108 3.64793 3.20773 car-20160820T00h13m18s-sci-gtoc-vis.fits 0.498377120808 1762.3 3665.10973194 3640.04804887
2457622.40655 3.5131379154 2457622.40576 3.508641 -0.218305 car-20160821T21h26m28s-sci-gtoc-vis.fits 0.512554549997 1801.1 3527.2290254 3499.55255637
2457623.44217 3.31699423736 2457623.44138 3.312491 7.8257 car-20160822T22h17m44s-sci-gtoc-vis.fits 0.512930364283 1800.8 3331.54752072 3303.18447518
2457626.45335 2.8502428469 2457626.45256 2.845734 6.08233 car-20160825T22h34m08s-sci-gtoc-vis.fits 0.501409060626 1801.2 2864.44654616 2836.23065435
2457628.44037 2.5610859616 2457628.43958 2.556573 6.6021 car-20160827T22h15m30s-sci-gtoc-vis.fits 0.49856191005 1801.0 2575.27669629 2546.88647877
2457631.43641 2.09894644406 2457631.43563 2.094428 11.4014 car-20160830T22h09m51s-sci-gtoc-vis.fits 0.495951032645 1801.2 2113.06874983 2084.68945055
2457633.5683 1.63121460517 2457633.56919 13.25505 35.1844 car-20160902T01h32m28s-sci-gtoc-vis.fits 0.464277539342 279.6 1632.47367408 1629.77963776
2457634.51968 1.52063415619 2457634.51889 1.516112 11.6412 car-20160903T00h09m33s-sci-gtoc-vis.fits 0.501888080831 1801.3 1532.33628383 1509.54805577
2457635.48563 1.40156578961 2457635.48484 1.39704 7.79013 car-20160903T23h20m41s-sci-gtoc-vis.fits 0.495984566702 1801.3 1414.44649598 1388.87389072
2457636.51418 1.20918458045 2457636.51339 1.204656 8.03141 car-20160905T00h01m44s-sci-gtoc-vis.fits 0.497952803998 1801.0 1220.80241692 1198.0032203
2457654.48792 -1.64724092038 2457654.48713 -1.651894 17.8154 car-20160922T23h23m57s-sci-gtoc-vis.fits 0.497115886501 1800.9 -1636.83846395 -1657.14395156
2457656.51043 -1.98731146524 2457656.50964 -1.991967 -1.75688 car-20160924T23h55m56s-sci-gtoc-vis.fits 0.511780380836 1801.3 -1978.36837433 -1995.15468998
2457693.4234 -7.14271546304 2457693.42261 -7.147455 1.24722 car-20161031T21h51m40s-sci-gtoc-vis.fits 0.503541262001 1801.9 -7135.40584652 -7149.1841748
2457695.31441 -7.26148847788 2457695.31362 -7.266213 -0.771865 car-20161102T19h14m57s-sci-gtoc-vis.fits 0.498171476138 1802.0 -7248.82503615 -7273.8804856
2457706.28461 -8.29996922114 2457706.28383 -8.304713 -1.39593 car-20161113T18h32m49s-sci-gtoc-vis.fits 0.486067521795 1800.9 -8287.89832714 -8312.35604087
2457819.71162 -0.802013393247 2457819.71082 -0.806707 6.39703 car-20170307T04h50m26s-sci-gtoc-vis.fits 0.523301326525 1801.7 -799.127391578 -805.376724512
2457851.63089 4.19925155623 2457851.63009 4.194616 2.19889 car-20170408T02h53m55s-sci-gtoc-vis.fits 0.524268346841 1801.4 4202.85667174 4195.26027797
2457854.65204 4.60633204669 2457854.65124 4.601706 2.67695 car-20170411T03h24m48s-sci-gtoc-vis.fits 0.507868916144 1801.9 4611.97197605 4600.19796964
2457907.64037 9.09830388054 2457907.63957 9.093742 11.8633 car-20170603T03h11m23s-sci-gtoc-vis.fits 0.465446165763 1291.0 9106.50645176 9088.82816661
2457909.60364 9.17838115486 2457909.60284 9.173818 2.8558 car-20170605T02h12m56s-sci-gtoc-vis.fits 0.515765045525 1801.2 9190.43824037 9166.80592819
2457910.63783 9.15332802609 2457910.63703 9.148769 3.45412 car-20170606T03h00m45s-sci-gtoc-vis.fits 0.561884403975 1801.1 9167.26553331 9142.39238966
2457911.59245 9.21885367637 2457911.59165 9.214294 13.9256 car-20170607T01h57m23s-sci-gtoc-vis.fits 0.494363060862 1800.8 9230.29872018 9206.85380073
2457914.63544 9.19118018616 2457914.63464 9.186622 13.321 car-20170610T02h57m35s-sci-gtoc-vis.fits 0.546772921642 1800.7 9204.92440898 9179.7577319
2457915.57267 9.26760094577 2457915.57187 9.26304 5.937 car-20170611T01h29m27s-sci-gtoc-vis.fits 0.470388117712 1801.0 9278.32239046 9255.17728447
2457916.62517 9.20641574291 2457916.62436 9.201858 3.03132 car-20170612T02h44m07s-sci-gtoc-vis.fits 0.499660113296 1800.6 9218.99687335 9193.76261748
2457917.59176 9.24421179594 2457917.59096 9.239648 nan car-20170613T01h56m31s-sci-gtoc-vis.fits 0.481377644511 1800.9 9255.90579751 9231.39291062
2457919.62078 9.19736959901 2457919.61998 9.192806 nan car-20170615T02h38m06s-sci-gtoc-vis.fits 0.485167397701 1801.1 9209.69103071 9184.2593819
2457921.62381 9.17137832219 2457921.62301 9.166819 -2.57892 car-20170617T02h42m18s-sci-gtoc-vis.fits 0.48776883362 1801.3 9183.85080381 9158.29019917
2457922.62445 9.15555877186 2457922.62364 9.150997 5.08452 car-20170618T02h42m49s-sci-gtoc-vis.fits 0.499263432504 1801.6 9168.35743271 9142.74865291
2457924.61684 9.12684198097 2457924.61604 9.122278 7.35458 car-20170620T02h32m05s-sci-gtoc-vis.fits 0.489139844617 1802.0 9139.43757089 9113.70286667
2457930.61945 8.94320653845 2457930.61865 8.93864 -6.65668 car-20170626T02h35m04s-sci-gtoc-vis.fits 0.506035736086 1802.1 8956.3452409 8930.49251426
2457931.59973 8.92825573942 2457931.59893 8.923689 3.11224 car-20170627T02h07m26s-sci-gtoc-vis.fits 0.479511355433 1800.9 8940.78774645 8914.67935113
2457934.63679 8.74874182379 2457934.63598 8.744177 10.9231 car-20170630T03h01m21s-sci-gtoc-vis.fits 0.456656302054 1801.0 8760.28572323 8735.28860943
2457935.61911 8.72090778876 2457935.61831 8.716341 18.7986 car-20170701T02h34m27s-sci-gtoc-vis.fits 0.503446380995 1801.6 8733.95224869 8708.22141982
2457936.60635 8.68501400039 2457936.60555 8.680447 10.6545 car-20170702T02h16m13s-sci-gtoc-vis.fits 0.497491811469 1801.3 8698.04846697 8671.97804236
2457937.60009 8.63878300048 2457937.59929 8.63421 15.3449 car-20170703T02h07m06s-sci-gtoc-vis.fits 0.499494837349 1801.4 8651.92647627 8625.72374257
2457939.622 8.49663125297 2457939.6212 8.49206 17.7405 car-20170705T02h37m43s-sci-gtoc-vis.fits 0.527853772276 1801.3 8510.14989779 8484.77383308
2457943.54986 8.33078055495 2457943.54906 8.326202 17.4595 car-20170709T00h55m28s-sci-gtoc-vis.fits 0.46796302465 1801.2 8343.21006139 8316.57995193
2457944.52576 8.2916615083 2457944.52496 8.287085 10.9246 car-20170710T00h19m40s-sci-gtoc-vis.fits 0.503474759816 1800.7 8304.73978734 8278.58655948
2457945.5306 8.21368350421 2457945.5298 8.209103 17.0017 car-20170711T00h26m58s-sci-gtoc-vis.fits 0.490938107133 1801.5 8226.59864212 8200.15022104
2457946.49917 8.17881216995 2457946.49837 8.174233 27.6303 car-20170711T23h41m29s-sci-gtoc-vis.fits 0.49706205595 1801.6 8191.25634277 8165.93438375
2457948.56528 7.93982414563 2457948.56448 7.93524 10.0056 car-20170714T01h16m07s-sci-gtoc-vis.fits 0.513545807885 1801.0 7953.63315115 7926.82453136
2457950.57637 7.76139171401 2457950.57557 7.756805 15.8882 car-20170716T01h32m43s-sci-gtoc-vis.fits 0.489993891943 1800.9 7774.45636181 7747.96716819
2457954.5269 7.46914543836 2457954.5261 7.464553 15.3606 car-20170720T00h21m32s-sci-gtoc-vis.fits 0.483283184367 1801.3 7482.28129146 7455.06916141
2457955.5678 7.32109672604 2457955.567 7.316506 20.0277 car-20170721T01h21m00s-sci-gtoc-vis.fits 0.462885522446 1802.1 7333.48688895 7306.93214551
2457958.51999 7.08483306437 2457958.51918 7.080235 10.162 car-20170724T00h10m16s-sci-gtoc-vis.fits 0.52213123855 1801.3 7099.13960492 7071.72692791
2457959.60827 6.87022083399 2457959.60747 6.865624 10.2253 car-20170725T02h18m06s-sci-gtoc-vis.fits 0.497327078939 1801.4 6882.17389005 6858.58377076
2457960.54003 6.84882542599 2457960.53923 6.844221 7.9146 car-20170726T00h39m58s-sci-gtoc-vis.fits 0.49210660744 1801.0 6862.2813563 6835.06203099
2457961.51774 6.77036519841 2457961.51694 6.765766 8.27274 car-20170727T00h07m07s-sci-gtoc-vis.fits 0.516118574442 1801.4 6784.58591947 6757.05044889
2457962.50373 6.67926406396 2457962.50293 6.67466 8.51927 car-20170727T23h46m53s-sci-gtoc-vis.fits 0.516943195069 1800.9 6693.48023601 6665.94017728
2457963.58753 6.46066301471 2457963.58674 6.456057 3.06883 car-20170729T01h46m45s-sci-gtoc-vis.fits 0.542948525737 1800.9 6474.21965481 6449.61140347
2457964.51797 6.43574233169 2457964.51717 6.431135 3.84853 car-20170730T00h07m53s-sci-gtoc-vis.fits 0.498519957808 1801.3 6449.52189835 6421.94452079
2457965.51372 6.3264421376 2457965.51292 6.32183 3.82448 car-20170731T00h01m46s-sci-gtoc-vis.fits 0.497370905053 1801.0 6340.20992205 6312.58447678
2457966.6648 6.0426346644 2457966.664 6.038038 -9.16303 car-20170801T03h43m59s-sci-gtoc-vis.fits 0.489897861475 1253.2 6048.02146276 6037.37938393
2457968.49847 5.99195908504 2457968.49767 5.987346 0.00548423 car-20170802T23h39m16s-sci-gtoc-vis.fits 0.51240479627 1801.4 6006.20475699 5978.41976335
2457969.49848 5.87047459994 2457969.49768 5.865857 0.0293841 car-20170803T23h40m01s-sci-gtoc-vis.fits 0.486545696687 1802.1 5884.02346365 5856.21048392
2457970.49126 5.75706897912 2457970.49046 5.752453 5.98663 car-20170804T23h28m48s-sci-gtoc-vis.fits 0.513324079729 1801.1 5771.3687093 5743.5189608
2457971.49083 5.63305514665 2457971.49003 5.628436 3.85503 car-20170805T23h28m20s-sci-gtoc-vis.fits 0.507292013773 1800.6 5647.20226564 5619.33439399
2457974.4871 5.25508726735 2457974.4863 5.250462 12.0246 car-20170808T23h23m18s-sci-gtoc-vis.fits 0.49345731098 1801.4 5268.8996397 5240.95329619
2457975.48572 5.12624752412 2457975.48492 5.12162 12.5595 car-20170809T23h21m08s-sci-gtoc-vis.fits 0.498466107811 1801.3 5140.21262436 5112.24732161
2457976.47406 5.00969641122 2457976.47326 5.005069 8.93216 car-20170810T23h04m59s-sci-gtoc-vis.fits 0.476680548615 1800.9 5023.06396372 4995.0266287
2457977.47669 4.87241279957 2457977.47588 4.867783 9.70523 car-20170811T23h08m58s-sci-gtoc-vis.fits 0.468914431673 1800.9 4885.58161121 4857.53404167
2457979.46932 4.61019476992 2457979.46851 4.605563 7.21281 car-20170813T22h57m21s-sci-gtoc-vis.fits 0.500816077278 1801.3 4624.29465163 4596.16226603
2457980.63398 4.28740480562 2457980.63318 4.282776 2.20107 car-20170815T02h54m40s-sci-gtoc-vis.fits 0.493378873709 1800.6 4295.04586831 4280.30226086
2457981.47081 4.3298255571 2457981.47001 4.325184 3.28994 car-20170815T22h59m42s-sci-gtoc-vis.fits 0.492751707669 1800.7 4343.71715526 4315.58438484
2457985.44944 3.78420232795 2457985.44864 3.779556 7.54469 car-20170819T22h28m30s-sci-gtoc-vis.fits 0.504661040475 1801.1 3798.49559851 3770.17553794
2457986.44788 3.63929788168 2457986.44708 3.634649 -0.654839 car-20170820T22h26m50s-sci-gtoc-vis.fits 0.484565084652 1801.5 3653.04028402 3624.69033333
2457987.44463 3.49551436454 2457987.44383 3.490864 1.36327 car-20170821T22h21m37s-sci-gtoc-vis.fits 0.501961350511 1800.8 3509.75492738 3481.39102538
2457997.44361 1.96678947425 2457997.44281 1.962115 14.8593 car-20170831T22h20m03s-sci-gtoc-vis.fits 0.500730149917 1801.0 1980.95690792 1952.80587183
2457999.40223 1.70939501465 2457999.40143 1.704724 11.0208 car-20170902T21h20m22s-sci-gtoc-vis.fits 0.503442741308 1800.6 1723.72267607 1695.21853062
2458001.40334 1.39198323842 2458001.40254 1.387305 14.0572 car-20170904T21h21m54s-sci-gtoc-vis.fits 0.505185740463 1800.9 1406.40792421 1377.84396438
2458009.42703 0.077830113654 2458009.42623 0.073133 3.95341 car-20170912T21h56m45s-sci-gtoc-vis.fits 0.479590182141 1800.8 91.2158666501 63.5409813833
2458010.40072 -0.0488264128187 2458010.39992 -0.053525 6.37815 car-20170913T21h17m59s-sci-gtoc-vis.fits 0.508876735147 1801.0 -34.2950919099 -62.748987504
2458020.40493 -1.67891171642 2458020.40413 -1.683639 nan car-20170923T21h23m50s-sci-gtoc-vis.fits 0.517076786408 1801.1 -1664.65168884 -1691.97475342
2458021.37545 -1.80036765817 2458021.37465 -1.805087 2.07881 car-20170924T20h42m07s-sci-gtoc-vis.fits 0.493189138161 1800.8 -1786.34542695 -1814.64566738
2458023.43637 -2.19840933874 2458023.43557 -2.203146 9.69296 car-20170926T22h09m34s-sci-gtoc-vis.fits 0.502673514714 1801.0 -2185.85238898 -2210.3832732
2458031.46178 -3.47200469815 2458031.46098 -3.476759 -29.5218 car-20171004T22h46m19s-sci-gtoc-vis.fits 0.500711153056 1801.3 -3461.95914598 -3481.38510964
2458032.336 -3.47396902382 2458032.3352 -3.478709 -29.7853 car-20171005T19h45m45s-sci-gtoc-vis.fits 0.482935265379 1801.2 -3460.24710231 -3488.57576025
2458034.46226 -3.92592543356 2458034.46146 -3.930687 -28.5927 car-20171007T22h47m12s-sci-gtoc-vis.fits 0.496200732763 1801.4 -3916.52337261 -3934.80022652
2458057.2935 -6.86206884043 2458057.2927 -6.866845 -8.87307 car-20171030T18h44m18s-sci-gtoc-vis.fits 0.511929824561 1801.2 -6848.22065031 -6875.06154705
2458175.72383 -2.28595315913 2458175.72303 -2.290591 6.28014 car-20180226T05h08m51s-sci-gtoc-vis.fits 0.493765757761 1800.7 -2284.1492896 -2288.60451999
2458209.66456 3.12107797678 2458209.66376 3.116511 16.1749 car-20180401T03h43m33s-sci-gtoc-vis.fits 0.490243211727 1800.9 3125.37217579 3115.87737348
2458213.59337 3.73183945631 2458213.59257 3.727275 6.47612 car-20180405T02h01m17s-sci-gtoc-vis.fits 0.480487615239 1800.6 3731.69671325 3731.13812416
2458330.4305 6.46547479037 2458330.4297 6.460826 2.35143 car-20180730T22h02m04s-sci-gtoc-vis.fits 0.493353137146 1801.0 6477.6239895 6452.622663
2458331.40156 6.38418141099 2458331.40076 6.379533 5.36821 car-20180731T21h21m11s-sci-gtoc-vis.fits 0.466020430824 1801.2 6394.62548699 6371.69456248
2458357.49783 2.71073942621 2458357.49703 2.706003 4.9914 car-20180826T23h38m11s-sci-gtoc-vis.fits 0.501028089264 1801.4 2724.03541999 2697.83968425
2458359.46141 2.45267980214 2458359.46061 2.447936 4.83246 car-20180828T22h45m26s-sci-gtoc-vis.fits 0.510205441421 1801.0 2466.96548509 2439.14977677
2458360.40549 2.3745354037 2458360.40469 2.369796 9.73071 car-20180829T21h24m37s-sci-gtoc-vis.fits 0.52 1800.9 2389.22453034 2360.89007492
2458383.50459 -1.42792872723 2458383.50379 -1.432739 2.16328 car-20180921T23h47m55s-sci-gtoc-vis.fits 0.498004886446 1800.9 -1418.2597459 -1437.01379919
2458386.51389 -1.91289919964 2458386.51309 -1.917716 6.8515 car-20180925T00h01m04s-sci-gtoc-vis.fits 0.506626499334 1800.8 -1904.20677012 -1920.6633882
2458433.44163 -8.12382627504 2458433.44083 -8.128703 4.00516 car-20181110T22h18m14s-sci-gtoc-vis.fits 0.504389363828 1801.4 -8120.06645321 -8126.71003289
2458451.40478 -9.3407182468 2458451.40398 -9.34558 5.13644 car-20181128T21h25m48s-sci-gtoc-vis.fits 0.508175356766 1800.9 -9338.43529726 -9342.11397439
2458455.36694 -9.48891665759 2458455.36614 -9.493772 6.4771 car-20181202T20h31m18s-sci-gtoc-vis.fits 0.513989119574 1801.4 -9484.5820508 -9492.23695569
2458471.3282 -9.63668597367 2458471.3274 -9.641504 3.34711 car-20181218T19h37m12s-sci-gtoc-vis.fits 0.481776618765 1802.3 -9633.52615298 -9639.24582081
2458473.33517 -9.60522526595 2458473.33437 -9.610038 18.6761 car-20181220T19h47m20s-sci-gtoc-vis.fits 0.48211522451 1801.7 -9603.05652615 -9606.70343817
2458474.32889 -9.58327471215 2458474.32809 -9.588084 3.51933 car-20181221T19h39m03s-sci-gtoc-vis.fits 0.457976917101 1802.2 -9581.00551328 -9585.07179428
2458477.33066 -9.50471501752 2458477.32986 -9.509516 1.78295 car-20181224T19h39m12s-sci-gtoc-vis.fits 0.542264276597 1801.9 -9502.90256869 -9505.48826378
2458478.32402 -9.47199652682 2458478.32322 -9.476795 3.70632 car-20181225T19h31m20s-sci-gtoc-vis.fits 0.487412051937 1802.2 -9470.14166814 -9473.10181736
2458479.28582 -9.42729373225 2458479.28502 -9.432083 3.36036 car-20181226T18h35m54s-sci-gtoc-vis.fits 0.503065527382 1802.3 -9422.67182866 -9431.08699343
2458480.33276 -9.40032788915 2458480.33182 -30.337036 nan car-20181227T19h58m34s-sci-gtoc-vis.fits 0.486127272727 9.9 -9400.32622837 -9400.32961904
2458480.34474 -9.40013279418 2458480.34394 -9.404928 2.4974 car-20181227T20h01m08s-sci-gtoc-vis.fits 0.491688772962 1801.9 -9400.36759515 -9399.04320288
2458484.27713 -9.21130905935 2458484.27633 -9.216084 2.29021 car-20181231T18h24m25s-sci-gtoc-vis.fits 0.476023969372 1802.3 -9207.46105795 -9214.71988675
2458485.28268 -9.16156968876 2458485.28188 -9.166343 13.2272 car-20190101T18h31m27s-sci-gtoc-vis.fits 0.509291421596 1802.2 -9158.0945251 -9164.13334048
2458486.26437 -9.10091196867 2458486.26357 -9.10568 3.64012 car-20190102T18h04m41s-sci-gtoc-vis.fits 0.523965823347 1802.4 -9096.14153649 -9104.51053448
2458488.28612 -8.98962008016 2458488.28532 -8.994385 0.871821 car-20190104T18h35m30s-sci-gtoc-vis.fits 0.543766507602 1802.2 -8986.95680422 -8991.11169531
2458489.27551 -8.92388621049 2458489.27471 -8.928646 1.87676 car-20190105T18h22m28s-sci-gtoc-vis.fits 0.470434372573 1802.6 -8921.09572641 -8926.17361948
2458490.28647 -8.85974392155 2458490.28567 -8.864502 1.20884 car-20190106T18h37m08s-sci-gtoc-vis.fits 0.508938755131 1802.6 -8857.80461802 -8860.80873737
2458492.26599 -8.71488584433 2458492.26519 -8.719633 1.50147 car-20190108T18h08m36s-sci-gtoc-vis.fits 0.479673804505 1802.6 -8712.02495913 -8717.15221835
2458493.26608 -8.64056927667 2458493.26528 -8.645313 2.65522 car-20190109T18h09m33s-sci-gtoc-vis.fits 0.453851658715 1802.6 -8638.10458043 -8642.65201805
2458494.29253 -8.56623355707 2458494.29173 -8.570978 -1.60779 car-20190110T18h46m39s-sci-gtoc-vis.fits 0.488141573283 1802.6 -8565.81781514 -8565.81775979
2458495.29295 -8.4858982933 2458495.29215 -8.490639 5.18239 car-20190111T18h46m45s-sci-gtoc-vis.fits 0.506284810829 1802.6 -8485.73523876 -8485.23489735
2458497.30208 -8.3164810023 2458497.30128 -8.321215 0.902397 car-20190113T19h01m33s-sci-gtoc-vis.fits 0.453735715078 1802.6 -8317.48302729 -8314.36480856
2458531.73874 -3.71603640066 2458531.73794 -3.720632 -2.37559 car-20190217T05h29m57s-sci-gtoc-vis.fits 0.501357325336 1800.6 -3714.93769769 -3717.93394285
2458534.71888 -3.26164989509 2458534.71808 -3.266239 13.5727 car-20190220T05h00m46s-sci-gtoc-vis.fits 0.522236469609 1801.5 -3261.50937679 -3262.56257681
2458535.72868 -3.10994506517 2458535.72788 -3.114529 11.9236 car-20190221T05h16m07s-sci-gtoc-vis.fits 0.48177009325 1801.6 -3108.84298291 -3111.96630871
2458536.74085 -2.95900128635 2458536.74005 -2.963581 -0.21322 car-20190222T05h31m58s-sci-gtoc-vis.fits 0.53809426002 1801.4 -2956.59336004 -2961.79305855
2458539.73776 -2.49282987386 2458539.73696 -2.4974 2.26562 car-20190225T05h27m57s-sci-gtoc-vis.fits 0.525033590584 1801.1 -2490.09296243 -2496.04158858
2458541.71141 -2.17231798528 2458541.71061 -2.176886 4.93833 car-20190227T04h50m56s-sci-gtoc-vis.fits 0.495152406862 1801.1 -2171.31590358 -2174.15477467
2458542.71159 -2.01357477385 2458542.71079 -2.01814 5.62966 car-20190228T04h50m49s-sci-gtoc-vis.fits 0.508024204741 1801.3 -2012.33369681 -2015.5675839
2458543.71224 -1.85429774079 2458543.71144 -1.85886 nan car-20190301T04h52m08s-sci-gtoc-vis.fits 0.495621495587 1801.3 -1852.82336454 -1856.60396502
2458544.70695 -1.69340244479 2458544.70615 -1.697962 -3.38604 car-20190302T04h46m07s-sci-gtoc-vis.fits 0.442653786365 1801.2 -1692.22812653 -1695.77428834
2458545.71331 -1.53417076336 2458545.7125 -1.538726 6.25147 car-20190303T04h53m32s-sci-gtoc-vis.fits 0.50068184342 1801.0 -1532.19356734 -1536.92986453
2458546.70488 -1.37152234882 2458546.70408 -1.376077 -5.11143 car-20190304T04h40m51s-sci-gtoc-vis.fits 0.519461260761 1800.5 -1369.94602632 -1373.74688326
2458553.70345 -0.238593320489 2458553.70264 -0.243125 11.7512 car-20190311T04h39m30s-sci-gtoc-vis.fits 0.49657929809 1800.8 -235.743360086 -242.253560908
2458554.69787 -0.0751531216514 2458554.69706 -0.079683 4.77509 car-20190312T04h31m19s-sci-gtoc-vis.fits 0.501180779048 1802.2 -72.4903596402 -78.5743389402
2458556.65089 0.255206294064 2458556.65009 0.250677 12.6826 car-20190314T03h22m30s-sci-gtoc-vis.fits 0.540580723962 1801.2 254.55879895 254.997076242
2458557.72117 0.398520086261 2458557.72037 0.394001 5.15498 car-20190315T05h04m43s-sci-gtoc-vis.fits 0.506533422163 1801.2 403.506238416 392.975954699
2458564.71538 1.51222733699 2458564.71458 1.507726 7.22525 car-20190322T04h56m16s-sci-gtoc-vis.fits 0.509573641259 1801.3 1518.17249392 1505.86291246
2458568.69048 2.1510723782 2458568.68968 2.146577 3.9923 car-20190326T04h21m52s-sci-gtoc-vis.fits 0.459901737634 1801.3 2155.63311566 2144.96458252
2458569.68679 2.3080540575 2458569.68599 2.30356 5.44018 car-20190327T04h22m10s-sci-gtoc-vis.fits 0.272503469331 1801.5 2310.79706086 2299.72521104
2458570.67629 2.46762163549 2458570.67549 2.463128 15.3871 car-20190328T03h59m39s-sci-gtoc-vis.fits 0.518501082551 1801.3 2472.10349989 2462.7641211
2458585.65829 4.67317208485 2458585.65748 4.668701 9.95418 car-20190412T03h33m19s-sci-gtoc-vis.fits 0.524206142056 1800.7 4679.5061967 4666.79919616
2458589.65659 5.20555801826 2458589.65578 5.201094 8.78822 car-20190416T03h26m14s-sci-gtoc-vis.fits 0.675617746682 1800.9 5214.46054009 5200.87352793
2458597.63829 6.20364507879 2458597.63749 6.199183 14.4774 car-20190424T03h03m39s-sci-gtoc-vis.fits 0.543131559949 1800.7 6211.26521311 6196.67427337
2458599.61563 6.4486725849 2458599.61483 6.444207 5.5368 car-20190426T02h32m02s-sci-gtoc-vis.fits 0.507495834722 1800.6 6454.74717142 6442.1179109
2458600.63345 6.54906204634 2458600.63265 6.544601 -0.496324 car-20190427T02h57m49s-sci-gtoc-vis.fits 0.502272929158 1801.2 6556.39167599 6541.20106574
2458603.61627 6.88639870423 2458603.61547 6.881933 6.26869 car-20190430T02h33m11s-sci-gtoc-vis.fits 0.495451668425 1801.1 6893.14681648 6878.88897936
2458604.62949 6.98109162968 2458604.62869 6.976627 1.74423 car-20190501T02h52m08s-sci-gtoc-vis.fits 0.497377158403 1801.1 6988.83233509 6972.6916733
2458605.60401 7.10157094193 2458605.60321 7.097104 1.00166 car-20190502T02h15m48s-sci-gtoc-vis.fits 0.484399711239 1800.8 7107.79655407 7094.26989262
2458608.64537 7.36233508601 2458608.64457 7.357871 3.83343 car-20190505T03h14m28s-sci-gtoc-vis.fits 0.510454696869 1801.2 7371.78506363 7352.81546369
2458609.59085 7.49839694078 2458609.59005 7.49393 -13.9504 car-20190506T01h56m39s-sci-gtoc-vis.fits 0.486335072721 1801.4 7504.59173333 7491.17385216
2458610.62099 7.5672518919 2458610.62019 7.562785 -5.0 car-20190507T02h39m31s-sci-gtoc-vis.fits 0.502876096369 1801.4 7575.64958819 7558.4082987
2458614.58503 7.93506660947 2458614.58423 7.930599 42.4057 car-20190511T01h47m19s-sci-gtoc-vis.fits 0.511941267903 1801.4 7942.20190628 7927.64141421
2458615.62541 7.98097432356 2458615.62461 7.976507 1.84308 car-20190512T02h45m09s-sci-gtoc-vis.fits 0.521360279829 1801.1 7990.7505326 7971.54779321
2458616.63251 8.05041484797 2458616.63171 8.045945 2.42497 car-20190513T02h55m50s-sci-gtoc-vis.fits 0.50459800111 1801.0 8060.35714713 8040.23045978
2458617.63303 8.12362199738 2458617.63223 8.119156 5.3169 car-20190514T02h56m22s-sci-gtoc-vis.fits 0.510561816466 1801.3 8133.84570394 8113.41689278
2458618.60707 8.21942359532 2458618.60627 8.214952 1.91069 car-20190515T02h19m03s-sci-gtoc-vis.fits 0.50707116687 1801.4 8228.50263605 8210.09095275
2458619.61556 8.28101368697 2458619.61476 8.276542 18.2176 car-20190516T02h30m40s-sci-gtoc-vis.fits 0.526311698407 1801.1 8291.02976207 8271.55604127
2458625.65437 8.60666184175 2458625.65357 8.602188 nan car-20190522T03h26m56s-sci-gtoc-vis.fits 0.505234288252 1801.2 8618.36989461 8594.99409699
2458626.62195 8.69476927068 2458626.62115 8.69029 2.05332 car-20190523T02h40m11s-sci-gtoc-vis.fits 0.506374437844 1801.1 8705.64985142 8683.81602294
2458627.64721 8.71770777201 2458627.6464 8.713232 -7.71673 car-20190524T03h15m51s-sci-gtoc-vis.fits 0.52821634829 1800.8 8729.9501617 8706.57054857
2458630.64746 8.85362894286 2458630.64666 8.849145 11.7399 car-20190527T03h16m45s-sci-gtoc-vis.fits 0.50572379737 1802.3 8865.62076086 8841.73953878
2458631.65478 8.885527999 2458631.65398 8.881042 4.52603 car-20190528T03h27m32s-sci-gtoc-vis.fits 0.496571729958 1801.2 8897.48725487 8873.28442181
2458636.63529 9.07098137625 2458636.63449 9.06648 1.80539 car-20190602T02h59m05s-sci-gtoc-vis.fits 0.50239602421 1800.9 9083.12279767 9058.80672684
2458637.62929 9.10254430615 2458637.62849 9.098044 5.75636 car-20190603T02h50m25s-sci-gtoc-vis.fits 0.501745890715 1800.8 9114.6391696 9090.36750415
2458638.6483 9.10188161385 2458638.6475 9.097385 -3.12091 car-20190604T03h17m08s-sci-gtoc-vis.fits 0.522387827632 1800.8 9114.80126043 9090.0163743
2458640.61421 9.17740832233 2458640.61341 9.172898 6.96864 car-20190606T02h28m12s-sci-gtoc-vis.fits 0.514413593958 1800.8 9189.74842849 9165.56236852
2458641.62816 9.17459591837 2458641.62736 9.170085 0.21998 car-20190607T02h47m36s-sci-gtoc-vis.fits 0.5353522456 1801.3 9187.78868158 9163.03472288
2458644.62908 9.19798144221 2458644.62828 9.193465 7.91595 car-20190610T02h48m43s-sci-gtoc-vis.fits 0.538044202577 1800.8 9211.4391233 9186.36000964
2458645.62764 9.20264596814 2458645.62684 9.198131 -2.40459 car-20190611T02h47m27s-sci-gtoc-vis.fits 0.509749070116 1801.3 9215.44126128 9190.27756848
2458647.62102 9.2089797576 2458647.62021 9.204457 1.49017 car-20190613T02h37m29s-sci-gtoc-vis.fits 0.520737945958 1802.3 9222.09943192 9196.83693401
2458649.61032 9.21044191455 2458649.60952 9.205909 11.9431 car-20190615T02h22m13s-sci-gtoc-vis.fits 0.513755136036 1801.0 9223.37131823 9198.10948334
2458650.63566 9.17007230289 2458650.63486 9.165545 24.2948 car-20190616T02h59m33s-sci-gtoc-vis.fits 0.484231303093 1801.1 9182.41832495 9156.97466041
2458656.57878 9.13188961914 2458656.57798 9.127334 11.2881 car-20190622T01h36m46s-sci-gtoc-vis.fits 0.504331242019 1801.1 9144.5724013 9119.26320683
2458657.60573 9.07203732664 2458657.60492 9.067485 11.746 car-20190623T02h16m28s-sci-gtoc-vis.fits 0.473215971567 1800.7 9084.26517997 9058.41874241
2458658.60904 9.03865909688 2458658.60824 9.0341 11.8284 car-20190624T02h18m48s-sci-gtoc-vis.fits 0.553009773434 1800.8 9052.98924319 9027.09367258
2458659.62531 8.98667098647 2458659.62451 8.98211 2.96674 car-20190625T02h43m28s-sci-gtoc-vis.fits 0.51025767757 1800.7 8999.83646349 8974.15393479
2458660.60118 8.98226713489 2458660.60038 8.977705 8.42759 car-20190626T02h09m26s-sci-gtoc-vis.fits 0.485140207674 1800.9 8994.88974587 8968.88317009
2458662.64578 8.85098113586 2458662.64498 8.846413 1.86386 car-20190628T03h12m32s-sci-gtoc-vis.fits 0.519498695387 1801.3 8863.99571992 8839.19961733
2458663.58991 8.877784876 2458663.58911 8.873205 4.80553 car-20190629T01h52m30s-sci-gtoc-vis.fits 0.50399733511 1801.2 8890.97380607 8864.79874779
2458664.57022 8.85777000812 2458664.56941 8.85319 7.95813 car-20190630T01h23m57s-sci-gtoc-vis.fits 0.509247084953 1801.0 8870.99233547 8844.93394544
2458665.6411 8.72240434843 2458665.6403 8.717828 4.81043 car-20190701T03h06m18s-sci-gtoc-vis.fits 0.498284477015 1801.2 8734.88172561 8710.12685787
2458666.51315 8.82992676144 2458666.51235 8.825334 6.22975 car-20190702T00h01m18s-sci-gtoc-vis.fits 0.522117274696 1800.9 8842.22342831 8818.33176662
2458668.57332 8.6486793083 2458668.57252 8.644082 6.54366 car-20190704T01h40m34s-sci-gtoc-vis.fits 0.45894493052 388.6 8651.29852019 8645.59040076
2458669.58268 8.57896037104 2458669.58188 8.574366 4.31858 car-20190705T01h41m12s-sci-gtoc-vis.fits 0.525705480593 1800.9 8592.89550368 8566.42506693
2458678.57196 7.96659232059 2458678.57116 7.961963 nan car-20190714T01h40m28s-sci-gtoc-vis.fits 0.525364981504 81.1 7967.22431065 7966.02157198
2458678.58412 7.95110668348 2458678.58332 7.946476 -16.352 car-20190714T01h44m47s-sci-gtoc-vis.fits 0.462950646755 1801.3 7963.38656654 7937.05185765
2458679.55229 7.91148267242 2458679.55148 7.906848 -4.37165 car-20190715T00h57m38s-sci-gtoc-vis.fits 0.505589117157 1801.0 7925.12257569 7898.16699595
2458680.5515 7.82993242448 2458680.5507 7.825296 -1.39886 car-20190716T00h56m32s-sci-gtoc-vis.fits 0.503414579979 1801.1 7843.5363044 7816.54600941
2458681.56115 7.73278299347 2458681.56035 7.72814 -1.18622 car-20190717T01h10m42s-sci-gtoc-vis.fits 0.49312989393 1800.7 7746.08220705 7719.21296056
2458682.53796 7.67609689887 2458682.53716 7.67145 2.21512 car-20190718T00h36m53s-sci-gtoc-vis.fits 0.505964347198 1800.7 7689.79858499 7662.70868482
2458683.53907 7.58579073399 2458683.53827 7.581137 -0.605869 car-20190719T00h38m36s-sci-gtoc-vis.fits 0.500658931942 1801.4 7599.38592841 7572.24202758
2458684.54373 7.48874273337 2458684.54293 7.484087 -1.6814 car-20190720T00h45m25s-sci-gtoc-vis.fits 0.496278049322 1800.4 7502.23125469 7475.10185015
2458685.53862 7.40232680092 2458685.53782 7.397664 0.503705 car-20190721T00h37m28s-sci-gtoc-vis.fits 0.5145502998 1801.2 7416.34450017 7389.13654942
2458687.55613 7.18709535507 2458687.55533 7.182426 4.62526 car-20190723T01h02m23s-sci-gtoc-vis.fits 0.521597757922 1801.9 7201.19974505 7174.30690751
2458688.54204 7.10598433408 2458688.54124 7.10131 5.12156 car-20190724T00h42m43s-sci-gtoc-vis.fits 0.500305436775 1800.7 7119.63191157 7092.4503397
2458690.5332 6.91246126844 2458690.5324 6.907782 0.893722 car-20190726T00h29m33s-sci-gtoc-vis.fits 0.512555105213 1801.1 6926.51189787 6899.17529456
2458691.51975 6.82447861672 2458691.51895 6.819791 -1.95261 car-20190727T00h10m26s-sci-gtoc-vis.fits 0.503036259648 1800.9 6838.31281156 6810.83403176
2458693.52607 6.59850202682 2458693.52526 6.593811 10.7846 car-20190729T00h19m42s-sci-gtoc-vis.fits 0.495244918361 1800.6 6612.13302599 6584.69471404
2458694.52142 6.49268600691 2458694.52062 6.48799 0.69093 car-20190730T00h13m03s-sci-gtoc-vis.fits 0.492657897658 1801.8 6506.2854645 6478.75713759
2458695.50473 6.40081829597 2458695.50393 6.396116 3.20946 car-20190730T23h50m31s-sci-gtoc-vis.fits 0.441876769359 1801.5 6413.0468384 6385.37865453
2458697.50997 6.15995132519 2458697.50917 6.155241 5.86084 car-20190801T23h55m39s-sci-gtoc-vis.fits 0.520222074173 1801.2 6174.38418458 6146.69373834
2458698.49617 6.0585522464 2458698.49537 6.053838 3.8384 car-20190802T23h36m51s-sci-gtoc-vis.fits 0.483391637515 1800.9 6071.98011872 6044.20167264
2458699.39023 6.06973003947 2458699.38944 6.065021 7.60504 car-20190803T21h04m41s-sci-gtoc-vis.fits 0.470015549509 1800.7 6080.13917357 6057.45980894
2458700.49086 5.82085648923 2458700.49006 5.816133 3.76699 car-20190804T23h28m30s-sci-gtoc-vis.fits 0.504909504775 1801.2 5834.91936571 5807.06615158
2458701.50785 5.67332425467 2458701.50705 5.6686 6.12255 car-20190805T23h53m52s-sci-gtoc-vis.fits 0.474340293203 1800.8 5686.5042407 5658.82795239
2458702.45826 5.61313725282 2458702.45746 5.608408 1.1048 car-20190806T22h41m21s-sci-gtoc-vis.fits 0.510226515656 1801.2 5627.11642378 5599.5782961
2458704.37141 5.46272201521 2458704.37061 5.457996 3.08386 car-20190808T20h36m39s-sci-gtoc-vis.fits 0.496172078823 1801.5 5473.5111924 5451.23587403
2458705.5937 5.05573894366 2458705.5929 5.051003 0.607777 car-20190810T01h56m42s-sci-gtoc-vis.fits 0.496846371662 1801.1 5066.69806869 5045.20092363
2458706.42587 5.13605513241 2458706.42506 5.131316 2.15133 car-20190810T21h54m49s-sci-gtoc-vis.fits 0.502911877395 1800.9 5149.42641288 5122.58804024
2458707.47746 4.9340759033 2458707.47665 4.929327 2.77091 car-20190811T23h08m03s-sci-gtoc-vis.fits 0.537353104521 1800.6 4949.15778738 4921.11483122
2458708.49014 4.78219707888 2458708.48934 4.77744 nan car-20190812T23h27m47s-sci-gtoc-vis.fits 0.487675180455 1801.0 4795.84058591 4767.97668892
2458709.49323 4.64191476289 2458709.49243 4.637155 6.97334 car-20190813T23h31m45s-sci-gtoc-vis.fits 0.502644756565 1801.3 4655.94013802 4628.17528951
2458710.48692 4.51285813422 2458710.48612 4.508095 8.93182 car-20190814T23h22m37s-sci-gtoc-vis.fits 0.503682105965 1800.6 4526.95649427 4499.08527495
2458711.49727 4.36030599509 2458711.49647 4.355544 6.9525 car-20190815T23h37m04s-sci-gtoc-vis.fits 0.518095264531 1801.3 4374.66438777 4347.13048286
2458712.50467 4.21056433021 2458712.50387 4.205796 -2.4425 car-20190816T23h48m12s-sci-gtoc-vis.fits 0.501313349986 1801.5 4224.288074 4197.15101516
2458713.46804 4.11796732819 2458713.46724 4.113195 4.87216 car-20190817T22h55m26s-sci-gtoc-vis.fits 0.501534746892 1801.6 4132.12110112 4103.96463587
2458714.45186 3.99722953639 2458714.45106 3.99245 4.64911 car-20190818T22h32m29s-sci-gtoc-vis.fits 0.489445771089 1800.7 4011.05124135 3982.80661543
2458715.47202 3.8260451349 2458715.47122 3.821262 -0.560946 car-20190819T23h01m33s-sci-gtoc-vis.fits 0.487465297057 1801.0 3839.76704962 3811.73507853
2458718.46563 3.39557613039 2458718.46483 3.390785 2.30313 car-20190822T22h53m04s-sci-gtoc-vis.fits 0.461734954475 1801.2 3408.59369687 3380.53631178
2458722.64516 2.62011973282 2458722.64436 2.615332 1.13345 car-20190827T03h23m00s-sci-gtoc-vis.fits 0.501291448517 286.5 2620.82524606 2619.43834024
2458723.44241 2.6717767922 2458723.44161 2.666968 4.0071 car-20190827T22h18m14s-sci-gtoc-vis.fits 0.506019546868 1800.8 2686.16844437 2657.79912346
2458724.43567 2.52667770981 2458724.43486 2.521865 5.99022 car-20190828T22h09m10s-sci-gtoc-vis.fits 0.483998112265 1801.1 2540.467866 2512.0304514
2458725.59613 2.19115640244 2458725.59533 2.186345 6.55797 car-20190830T01h59m50s-sci-gtoc-vis.fits 0.496713317783 1800.6 2198.91006584 2184.04256986
2458727.4563 2.03071202211 2458727.4555 2.025883 2.83482 car-20190831T22h38m18s-sci-gtoc-vis.fits 0.501988115733 1800.7 2044.76027123 2016.97493464
2458728.48158 1.84048115029 2458728.48077 1.835651 0.50233 car-20190901T23h13m40s-sci-gtoc-vis.fits 0.536318244932 1800.5 1854.80053141 1828.41353996
2458731.50739 1.33525866667 2458731.50658 1.33042 2.69804 car-20190904T23h51m39s-sci-gtoc-vis.fits 0.508105707306 1801.2 1347.53029851 1323.86336069
2458735.60046 0.62371726636 2458735.59966 0.618875 -0.140535 car-20190909T02h06m26s-sci-gtoc-vis.fits 0.482254678736 1800.7 629.056817842 618.812493192
2458741.38945 -0.115960822522 2458741.38864 -0.120827 1.18909 car-20190914T21h01m22s-sci-gtoc-vis.fits 0.522064752596 1800.7 -101.016614752 -129.593035247
2458742.37444 -0.256914207432 2458742.37364 -0.261779 3.0115 car-20190915T20h40m03s-sci-gtoc-vis.fits 0.512320248737 1801.1 -242.253626044 -270.881907423
2458743.38543 -0.433680395711 2458743.38463 -0.438553 5.61496 car-20190916T20h56m52s-sci-gtoc-vis.fits 0.479243021255 1801.9 -419.955490886 -448.529828157
2458744.36882 -0.572615496462 2458744.36802 -0.577489 3.46142 car-20190917T20h32m16s-sci-gtoc-vis.fits 0.502127234373 1801.4 -558.242646328 -586.879120277
2458745.37609 -0.744418983313 2458745.37529 -0.749296 19.4237 car-20190918T20h41m15s-sci-gtoc-vis.fits 0.552106081644 1800.5 -728.608400032 -757.21285318
2458746.43566 -0.985413017255 2458746.43486 -0.990299 9.92913 car-20190919T22h04m43s-sci-gtoc-vis.fits 0.628885557221 1800.9 -968.652952152 -995.046385115
2458749.54478 -1.57424151608 2458749.54398 -1.579134 nan car-20190923T01h00m22s-sci-gtoc-vis.fits 0.545170316302 41.1 -1574.08001287 -1574.37589169
2458749.55257 -1.57887295358 2458749.55177 -1.583763 9.07097 car-20190923T01h02m58s-sci-gtoc-vis.fits 0.29967536071 1802.0 -1575.19453842 -1586.36349262
2458756.4119 -2.56268541015 2458756.4111 -2.567597 4.36343 car-20190929T21h34m33s-sci-gtoc-vis.fits 0.496794401866 1800.6 -2549.63597684 -2575.52896125
2458757.328 -2.60942198751 2458757.3272 -2.614327 2.31831 car-20190930T19h31m11s-sci-gtoc-vis.fits 0.581985232887 1801.3 -2592.84624669 -2621.36596287
2458759.35096 -2.95562994871 2458759.35015 -2.960539 5.03314 car-20191002T20h06m22s-sci-gtoc-vis.fits 0.512285397002 1801.0 -2941.07298232 -2969.38338877
2458760.32631 -3.07805230933 2458760.32551 -3.082961 2.8703 car-20191003T19h31m36s-sci-gtoc-vis.fits 0.488622910767 1800.9 -3064.12805724 -3092.62990313
2458761.36841 -3.29010966089 2458761.3676 -3.295023 4.53825 car-20191004T20h31m44s-sci-gtoc-vis.fits 0.505504831723 1800.6 -3276.08209114 -3303.60819007
2458762.42692 -3.51578278955 2458762.42612 -3.52071 2.00036 car-20191005T21h54m20s-sci-gtoc-vis.fits 0.561184831492 1801.1 -3502.48852611 -3525.73256998
2458763.38027 -3.61250998785 2458763.37947 -3.617433 1.91068 car-20191006T20h48m34s-sci-gtoc-vis.fits 0.515088586504 1800.5 -3598.65322123 -3625.25303193
2458764.32503 -3.69111589311 2458764.32423 -3.696028 4.23174 car-20191007T19h29m29s-sci-gtoc-vis.fits 0.4996003996 1801.8 -3676.90606832 -3705.30321605
2458765.36609 -3.89714129713 2458765.36529 -3.902063 4.88686 car-20191008T20h27m56s-sci-gtoc-vis.fits 0.522957144443 1801.4 -3882.85515633 -3909.91714084
2458766.31161 -3.97417415493 2458766.31081 -3.979086 6.19112 car-20191009T19h10m01s-sci-gtoc-vis.fits 0.506041539401 1800.7 -3959.81456474 -3988.18775417
2458767.31866 -4.13282908394 2458767.31786 -4.137747 5.59052 car-20191010T19h20m23s-sci-gtoc-vis.fits 0.499207574411 1800.8 -4118.67556923 -4146.97253774
2458769.30418 -4.40798068209 2458769.30338 -4.412899 -3.03902 car-20191012T18h59m38s-sci-gtoc-vis.fits 0.49718782966 1801.1 -4393.90174265 -4422.21084196
2458770.30996 -4.56154577942 2458770.30916 -4.566468 4.06568 car-20191013T19h07m40s-sci-gtoc-vis.fits 0.507733355544 1800.9 -4547.18432138 -4575.41866288
2458771.35259 -4.76257558829 2458771.35179 -4.767507 -0.270868 car-20191014T20h09m09s-sci-gtoc-vis.fits 0.505016375243 1801.5 -4748.92602107 -4775.6725547
2458772.33393 -4.88145813335 2458772.33312 -4.886382 2.12559 car-20191015T19h41m46s-sci-gtoc-vis.fits 0.522736608382 1801.5 -4866.99082289 -4894.47287821
2458774.29517 -5.11252529623 2458774.29437 -5.117451 1.02098 car-20191017T18h46m43s-sci-gtoc-vis.fits 0.49931815658 1801.0 -5098.44609309 -5126.61027572
2458775.38609 -5.36722584791 2458775.38529 -5.372164 -1.1587 car-20191018T20h58m21s-sci-gtoc-vis.fits 0.476788114413 1800.5 -5355.89459608 -5379.14682426
2458777.3309 -5.57474555258 2458777.3301 -5.579674 -13.3449 car-20191020T19h37m24s-sci-gtoc-vis.fits 0.5272751499 1801.2 -5560.44650581 -5587.32238293
2458783.30379 -6.32890798829 2458783.30298 -6.333836 -7.57761 car-20191026T18h59m10s-sci-gtoc-vis.fits 0.505865763615 1801.3 -6315.08422527 -6342.20853674
2458784.30388 -6.45455033918 2458784.30308 -6.459478 -6.8476 car-20191027T18h59m18s-sci-gtoc-vis.fits 0.507105891499 1800.9 -6440.76741293 -6467.73082109
2458785.35683 -6.64206871107 2458785.35603 -6.647006 3.2808 car-20191028T20h15m43s-sci-gtoc-vis.fits 0.502705764745 1800.6 -6630.20179731 -6653.32856468
2458792.39696 -7.47847162154 2458792.39615 -7.483411 1.34188 car-20191104T21h15m46s-sci-gtoc-vis.fits 0.434608213097 1802.0 -7471.24177537 -7487.08534401
2458795.32635 -7.72137647785 2458795.32555 -7.726308 5.35333 car-20191107T19h33m22s-sci-gtoc-vis.fits 0.462472253052 1802.0 -7710.55683674 -7733.44410542
