2457558.64727 0.917656188166 1.1228799232 19.072 0.208708 19.9896561882 1.10331332479 21.2574342037 0.0
2457571.60949 10.6180350962 1.33566665664 11.6644 0.183781 22.2827600808 1.32296257003 18.5016333685 0.000324984571684
2457587.54092 9.17818581281 1.63193361927 1.63264 0.227495 10.8115502251 1.61599918399 13.9436978322 0.000724412280605
2457605.55788 17.2760126231 1.75566075641 -102.65 0.376664 -85.3728112492 1.71477955513 7.42638384254 0.00117612770157
2457633.48098 9.72767810794 2.57485509129 12.092 0.327104 21.8215543149 2.55399328783 -3.69715571579 0.00187620696683
2457689.46091 28.611094993 1.61955349095 4.62333 0.501214 33.2377047107 1.54004481632 -22.0224306837 0.00327971774619
2457691.43389 20.2069738653 1.28743056259 -4.05666 0.339263 16.153643049 1.24192514683 -22.3613048404 0.00332918365731
2457851.67351 7.72654014548 1.29985098262 3.92996 0.25822 11.6638468061 1.27394466466 17.4525654401 0.00734666062363
2457856.66705 4.7267758692 1.13488249783 2.66574 0.330408 7.39998772625 1.08572042323 18.78728895 0.00747185704526
2457867.66185 18.6869100778 0.998829759163 -4.95303 0.285082 13.741627593 0.957282163766 21.2375632383 0.00774751522808
2457882.61668 8.47473646359 0.95672511396 8.99254 0.318784 17.4753989215 0.902053050007 23.3615776614 0.00812245788456
2457892.6397 2.68546358017 1.35066039799 15.921 0.251151 18.614837332 1.32710462507 23.8916935589 0.00837375180017
2457896.60554 2.69871499532 1.45251338897 5.5929 0.256494 8.30008817753 1.42968736901 23.9861646987 0.00847318220492
2457911.57423 5.82555440228 1.17903340244 13.0359 0.184215 18.8703028747 1.16455338987 23.1836604025 0.00884847237691
2457936.45284 -9.66648139187 1.02147180102 9.77075 0.411848 0.113740829039 0.934765139046 18.8555739098 0.00947222090592
2457945.42216 -0.653779600093 1.48155046976 12.593 0.374547 11.9489174969 1.43342468907 16.4411036829 0.0096970969649
2457949.47771 -0.557931369789 1.13447203439 11.7423 0.387815 11.1941674066 1.06612678542 15.1417530442 0.00979877637581
2457950.47193 -0.605223330458 1.26389525476 13.3686 0.455165 12.7732003726 1.17909119146 14.8385574371 0.00982370308414
2457951.45312 1.90349645089 1.36078102918 7.36739 0.31786 9.28073475398 1.32313643657 14.5549317854 0.00984830309034
2457969.54414 -1.16247015377 1.21754620103 -0.827192 0.43277 -1.97936027839 1.13803729233 7.93341345503 0.0103018753735
2457971.51719 -3.31743736798 1.28636799916 3.37086 0.415703 0.0637739751095 1.21734696987 7.2336393819 0.0103513430942
2457993.38351 -7.18438443148 1.57451038301 10.0876 0.378146 2.9141151371 1.52842682157 -1.31452937475 0.0108995685808
2458007.36169 -3.24714681799 1.02641280005 5.58351 0.458771 2.34761320713 0.918178852767 -6.91801362319 0.011250025122
2458078.3416 1.06997277901 0.994664607725 0.560419 0.470416 1.6434213899 0.876394014588 -24.5368834833 0.0130296108956
2458094.35458 1.08290272451 0.856526713377 5.07845 0.437013 6.17478380759 0.736653004174 -24.0320818806 0.0134310830747
2458105.34313 -1.91794546728 1.08817723523 38.2432 0.356164 36.3389611173 1.02823970959 -22.5776167213 0.0137065845518
2458121.28909 -0.282103606082 1.0528568557 1.99549 0.269221 1.72749277044 1.0178544158 -18.9306753209 0.0141063765234
2458122.29539 -1.80231360977 0.911743214661 1.47588 0.395171 -0.312302003434 0.821654167055 -18.6594331008 0.0141316063338
2458236.62837 12.6833142154 1.15093127235 -4.33367 0.226833 8.36664234169 1.1283570285 21.9148802386 0.0169981262845
2458244.62974 9.90577946528 1.48333518398 0.47424 0.47127 10.3972181994 1.40648066291 23.0197687218 0.0171987341508
2458263.56339 11.1260417953 1.72834884379 0.854802 0.266309 11.9985172277 1.70770876977 24.0075172575 0.0176734324544
2458270.56796 14.8685354148 1.47840228022 5.03705 0.478281 19.9234344638 1.39889977739 23.7221959643 0.0178490490127
2458281.65438 13.9512023375 1.08871167108 1.15535 0.337995 15.1246793415 1.03491665496 22.4622295823 0.018127004011
2458284.59846 14.5884255819 1.12856250548 9.40087 0.323465 24.007496399 1.08121400405 22.1433065773 0.0182008171662
2458294.64482 11.1406540559 1.05338025606 11.0729 0.391696 22.2320067522 0.977846719808 20.1642399086 0.0184526963099
2458299.65256 15.6453110425 1.24979311726 -2.53453 0.56418 13.1293592913 1.11520570459 19.0052714209 0.0185782488105
2458302.59887 9.75543644146 1.26382601625 -0.700685 0.329939 9.07340355911 1.21999854739 18.3875100407 0.0186521176488
2458305.60852 14.600644835 0.91379036203 2.08193 0.308034 16.7013024098 0.860306852572 17.5721733719 0.0187275747869
2458309.61414 20.3725805594 1.2529803095 1.51519 0.380002 21.9065985616 1.19396739318 16.4287167693 0.0188280022035
2458313.57853 20.3109034205 1.06275689222 4.58504 0.509464 24.9148708166 0.932683571567 15.3029014885 0.0189273961244
2458316.57875 23.1006299645 1.09761451521 -0.67646 0.412554 22.4431725814 1.01713166359 14.3440376753 0.0190026168896
2458319.55869 21.8359503792 3.92459092528 4.77888 0.605374 26.6339077082 3.8776199209 13.4007985155 0.0190773290282
2458322.57383 16.6272861911 1.12450491717 3.48729 0.430766 20.1337291146 1.03872612462 12.3399149195 0.0191529234403
2458325.67349 18.0113405039 0.917757606802 12.0078 0.297632 30.0383711412 0.868155641241 11.0594812448 0.0192306372657
2458328.66575 17.2023100787 1.06825222077 -0.520281 0.383965 16.701334737 0.996861919205 9.9991764945 0.0193056582852
2458331.67501 16.0067835308 1.16247442357 12.7278 0.354234 28.7539646362 1.10718790578 8.88022515812 0.0193811054372
2458334.57964 20.087541487 1.37387527737 2.32959 0.294994 22.4365854163 1.34183151615 7.95845470887 0.0194539293232
2458337.53762 15.4264719684 1.03372998262 3.37587 0.345334 18.8218700594 0.974341883228 6.90630112543 0.0195280909702
2458340.52882 11.075681671 0.938040781961 2.49641 0.341079 13.5916947563 0.873833865435 5.74731146525 0.0196030853671
2458345.49403 17.8951960951 1.27066361703 7.06544 0.508352 24.9803636665 1.16454466283 3.82776581634 0.0197275713834
2458348.50335 22.9644815318 1.36931680624 1.24361 0.582485 24.227894552 1.2392496684 2.58666439596 0.0198030201949
2458351.53786 24.526185633 1.2579511846 3.83995 0.496809 28.3860147334 1.15569113537 1.27828737374 0.0198791004377
2458354.66708 23.8634404755 1.34822878754 -5.87393 0.317498 18.0094680307 1.31031136893 -0.192040693062 0.0199575551679
2458357.52574 21.9928772868 1.12908803363 4.29823 0.436498 26.3111365134 1.04130172558 -1.1407919524 0.0200292265989
2458360.46899 20.832351671 1.21082331534 12.3757 0.338226 33.22815469 1.16262473477 -2.22425334673 0.0201030190141
2458365.45747 20.5810310042 1.16355523111 6.58279 0.407606 27.1840490927 1.08982481373 -4.23716117896 0.0202280884225
2458378.44375 16.8634759196 1.08091411399 nan nan 16.8840295959 1.08091411399 -9.3904736705 0.0205536762844
2458385.40784 22.8976734191 1.21126141887 2.44413 0.394264 25.3625316968 1.14529914134 -11.9209262574 0.0207282777874
2458392.38671 27.1129381076 1.18449992182 3.00415 0.31856 30.1379913573 1.14085914608 -14.3396844892 0.020903249735
2458405.36044 19.688449606 1.0731975643 -4.77697 0.342121 14.932708129 1.01720510881 -18.3585563236 0.0212285229667
2458413.51594 15.1407294702 1.06054499216 -2.84833 0.141876 12.3138324653 1.05101231249 -20.6902963589 0.0214329951038
2458426.45992 43.3159518055 1.22142514542 nan nan 43.3377093281 1.22142514542 -23.1388659397 0.0217575226342
2458434.32538 21.3222596981 1.2413352082 2.41083 0.251477 23.7550444209 1.21559549916 -23.9175915326 0.021954722746
2458450.39092 15.0470849156 1.01338254568 6.10516 0.390565 21.1746024286 0.935095270367 -24.6083293641 0.02235751301
2458473.2853 18.1390666579 1.16708841677 18.0758 0.441217 36.2377981713 1.08047347559 -22.0103381103 0.022931513453
2458480.28119 20.2959028833 0.9346157167 0.672392 0.43462 20.9914017956 0.827412831362 -20.5305359638 0.0231069123138
2458587.6847 4.39970527982 1.0600809349 4.23031 0.24721 8.6558149788 1.03085343499 18.9055460738 0.025799698981
2458603.637 5.02542681515 1.18232592755 4.20209 0.355015 9.25371646518 1.12776724049 22.1932925982 0.0261996500223
2458615.59887 4.66404923814 1.72128084025 1.79404 0.340375 6.48458879213 1.68729149539 23.5932203646 0.0264995539888
2458626.64798 4.23583514294 1.25703482504 2.65858 0.476574 6.92119171674 1.16319120264 23.8997328922 0.0267765737971
2458637.64898 5.56175104268 1.4518071181 4.96147 0.593603 10.55027343 1.32490731244 23.4684943457 0.0270523873338
2458647.64419 3.80926682945 1.19274149176 -0.357047 0.334004 3.47952281351 1.14502121996 22.3624107094 0.0273029840649
2458656.60066 -3.06858910936 1.02747833378 9.95559 0.472837 6.91452842858 0.912215379072 20.9444471993 0.0275275379378
2458664.63188 -2.16185351491 1.06498898024 8.57477 0.511806 6.44064537932 0.933946543647 19.1300815392 0.0277288942344
2458678.61077 -5.5565566222 1.2816894788 -19.3427 0.234785 -24.8711772537 1.26000155708 15.2897326083 0.0280793685033
2458685.65784 -2.4186920569 1.19787322482 0.665253 0.249768 -1.72518300651 1.17154436916 12.9233124534 0.028256050387
2458693.57322 -7.15008307566 1.04928035483 10.9342 0.386721 3.81257142642 0.975415876022 10.3143838437 0.0284545020871
2458700.5931 -2.40378018955 1.09470419742 2.82397 0.273147 0.448820312767 1.06007924054 7.62634196241 0.0286305023137
2458707.5239 -1.15987946019 1.32552430886 1.90977 0.356593 0.778694809112 1.27665818673 5.05602028682 0.0288042693048
2458714.59026 1.0686572575 1.09646743316 2.76254 0.544726 3.86017869212 0.95158521264 2.08985856532 0.0289814346241
2458721.65989 -3.80720637915 2.19123829989 -4.83522 0.349993 -8.61326769694 2.16310660552 -0.880492265329 0.02915868221
2458731.56048 -5.57220856318 1.21480845578 2.62537 0.401326 -2.9174316564 1.14660238354 -4.80027535361 0.0294069067795
2458741.43434 -2.22778726756 1.56097461303 1.53159 0.403096 -0.666542806608 1.50803029058 -8.47665035132 0.0296544609516
2458749.58526 -0.182950473178 2.0081719466 9.00225 0.332759 8.84915834509 1.98041056729 -11.8138073526 0.0298588182635
2458756.38796 3.88306225197 1.33170902804 3.70814 0.426684 7.6212316254 1.26150295264 -13.9265122652 0.0300293734374
2458763.43099 0.835346302427 1.14302704026 2.39667 0.317417 3.26222225651 1.09806978962 -16.3471305045 0.0302059540854
2458771.37779 -3.67075518836 1.6974948744 -0.173219 0.298037 -3.81356899486 1.67112620566 -18.5884028478 0.0304051935077
2458778.32194 -5.07669501747 2.30267063937 1.85106 0.370655 -3.19505572232 2.27264316257 -20.2688635736 0.0305792951466
2458785.27337 -4.15016596731 1.57143499557 1.27666 0.240955 -2.84275238818 1.5528517744 -21.6917570301 0.0307535791248
2458785.33691 -5.35084206903 0.970481135488 1.79006 0.327038 -3.53002689689 0.913717560789 -21.8394953603 0.0307551721369
2458792.45141 5.12898026441 2.60200601975 1.0018 0.481851 6.16171380907 2.55700116164 -23.2352280533 0.0309335446637
