2457559.62513 -1.1208436985659889 1.1411695983196337 -3.24353 0.218985 27.8332840147 0.985865776313 9.57782665191 0.0 -2.5133943273091752 0.5313965496757792 0
2457597.54554 -0.6451978667418291 1.4027329493326484 -8.85468 0.403858 31.1311918511 1.17649196657 10.7279122943 0.00752687673752 5.912490800466667 0.6484019552550542 0
2457607.52688 -7.821069263388984 1.7197166637974404 -28.9812 0.23895 -2.22511992516 0.951838484839 10.3060533475 0.00950808641921 -0.14341078878617852 1.4122081291446758 0
2457613.49483 -4.089607074165725 1.6788902127941014 6.16269 0.386565 36.910892036 1.12315069827 9.9286565785 0.0106926736534 0.11606439599056356 1.1864958307407278 0
2457614.47815 -5.990409729374915 1.4820644744368383 0.0707147 0.349772 31.1975127538 1.08111308166 9.86712066052 0.0108878534655 2.3952678891997503 0.9515088854295115 0
2457618.51114 0.6782608391121235 1.5814595127892315 5.6794 0.368778 37.8113444911 1.06276694061 9.49700278527 0.0116883681039 -3.269056756687289 1.1115500021314542 0
2457619.5199 -6.589446219317986 1.5248164281344294 5.413 0.46823 31.4250563802 1.3172064401 9.39732030807 0.0118885974951 -2.121438038557177 0.6089277467438605 0
2457621.49704 -10.81390468256983 1.518480446810193 2.91358 0.49211 25.3760902317 1.18590788712 9.23090581187 0.0122810436825 -1.4469181700053309 0.810699141792747 0
2457622.37542 -5.18007004509852 1.4780906813042394 -0.677653 0.227685 29.601701475 1.18719915919 9.24482924491 0.0124553937144 0.7359170858233579 0.8505702553854686 0
2457625.46228 1.0713132448430778 1.4010151762194265 -1.10961 0.310222 30.8223142738 1.12259961916 8.85558406201 0.013068109207 -3.863509120818239 0.7787014381467361 0
2457630.39624 -5.965576399120906 1.1367023868773392 5.92554 0.374809 31.2314063223 0.872930694733 8.34628877495 0.0140474588572 -3.453656778054257 0.6241814896672532 0
2457643.4419 2.4553079065439904 1.313507459660338 6.04999 0.326029 38.8543186003 0.89942469912 6.52099843348 0.0166369099384 -4.37866825671915 0.900023415448559 0
2457654.44585 -6.610169864706086 1.486426230428264 17.8896 0.218138 41.5338522121 1.31651664658 4.75621212009 0.018821099924 -4.475451063769077 0.6547233543682071 0
2457677.36323 -1.215327720000924 1.2248192988315587 -4.58754 0.279374 26.4558807578 1.05625735261 0.623477040425 0.0233700024663 -2.4756735652742368 0.5535818710460932 0
2458002.43373 -6.900339802268211 1.2261866102208723 16.6033 0.530261 36.7983020206 0.915905031316 7.4294022006 0.0878937074572 -7.70360392510695 0.6192534606862453 0
2458008.48646 -6.241985181315196 1.1884443709457166 7.12295 0.294586 38.1932342385 0.936868734631 6.51642930302 0.0890951231264 2.512122256140034 0.6692503907416486 0
2458010.55276 -1.7955567937158765 1.3028398453034729 6.31974 0.32219 41.2304941874 1.10416759468 6.15111603479 0.0895052657736 1.9057536748407113 0.6118816791431584 0
2458031.3699 2.129437836274631 1.8266220375489435 -30.2549 1.0291 -0.903830837541 1.16858164239 2.74072579699 0.0936372898307 -7.583058004249792 0.9549440837643595 0
2458033.54195 -1.2141524726304302 1.8215718287677747 -19.4573 0.821365 5.26832389851 1.10766165123 2.20878736857 0.0940684219168 -8.865344091344733 1.1901970973505838 0
2458035.39504 -24.380469503715506 1.90805868441938 nan nan 6.23836693091 1.05447679906 1.97011996397 0.0944362453511 -4.186651851299654 1.5902096161929067 2
2458042.29198 -2.762038591425145 4.081905236028567 nan nan 32.8087199596 1.00990011638 0.750162475644 0.0958052275476 0.7639012829499858 3.9550034274135717 3
2458047.57117 4.119357487608151 1.7811233757007001 13.3772 0.421958 55.7596755953 1.1194926518 -0.455369630164 0.0968531021312 3.455212965016688 1.3195029853162243 0
2458082.39806 -3.330959587729355 1.864761941043501 2.49539 0.428407 33.0956199956 1.45492216834 -6.70692467823 0.103765940242 -0.8836283974458071 1.0848990843313802 0
2458093.4139 3.6719278374966624 1.2906272315615632 4.79724 0.381551 41.4341259426 1.09302295928 -8.32573216873 0.105952490075 -1.8520464255718234 0.5704719938237226 0
2458109.395 8.08001784917938 1.5625852067982322 5.40532 0.394423 49.4712778716 1.33998676604 -10.1231693715 0.10912460069 1.1657633811454549 0.7003845318106595 0
2458110.38477 0.7645175088500142 1.4073271348333614 2.85707 0.540814 38.2066117358 0.995407817163 -10.2079793754 0.109321062828 -0.23534887642517358 0.8350168617355109 0
2458118.29585 7.088439736248158 1.4487088276590183 4.57063 0.371394 47.4659518579 1.15094102946 -10.7561475832 0.110891344512 0.9849387365766767 0.7975954556015445 0
2458122.32322 -1.4746086346812088 1.7088100769787264 4.48632 0.485192 38.5909162893 1.20138355338 -10.9858949782 0.111690742737 0.7564621407060459 1.114135611124758 0
2458123.31344 5.587663596913802 1.418697812247274 2.37937 0.590288 41.4154062082 1.09710581637 -11.028363654 0.111887293018 -1.3745667223889657 0.6786916731682043 0
2458207.67299 5.612561841597693 4.348412132695705 -11.8042 0.515177 30.3500296571 4.11422915899 -3.38143809291 0.128631939587 1.7019838353271433 1.3101141789019195 0
2458263.58606 4.98447661542921 2.780644884754875 0.917797 0.583328 39.7365115907 2.27051236011 6.51209449337 0.139730204873 -1.0165442702043719 1.4954892316941082 0
2458270.54646 7.4194381717883795 1.7607850893712846 nan nan 41.9726273015 1.0042176429 7.49844874865 0.141111783754 -0.29897469456354203 1.4463440312182336 2
2458271.57135 -1.6039555014551286 1.5061164396451814 0.454484 0.597878 33.1526123312 1.21074301921 7.62077271035 0.141315216379 -0.5502834243200332 0.6671056650357239 0
2458291.50405 -0.14910280993711045 1.8537666531838295 4.17262 0.601851 41.3359756067 1.60074062116 9.77715318219 0.145271685959 2.4561346900619485 0.7154408724817489 0
2458301.49682 1.8031205191226882 1.1118340820035768 8.3579 0.421452 46.7639911438 0.911744735764 10.442517901 0.147255165366 1.74466341870215 0.47673344167045395 0
2458302.50181 5.004544221131346 1.3613717349716665 1.38154 0.393884 41.6118068927 1.13706741154 10.490822008 0.147454645553 0.36721598539349276 0.6366051342474827 0
2458305.55835 0.2979469797872495 1.7935107582174694 2.60542 0.58382 39.6425797239 1.13465011781 10.5866705806 0.148061343429 1.88009936013759 1.2603190697589268 0
2458309.51574 8.737470977867286 2.171203799412452 2.09208 0.336573 47.4971734316 1.57126210512 10.7569932402 0.148846850525 1.80772356255755 1.4601301145002994 0
2458313.47958 -1.6323191303223972 1.3263712131924938 3.4111 0.379009 36.345182047 1.03044218679 10.8710137046 0.149633638797 -0.29428450205276574 0.7441785221229309 0
2458328.52281 7.506111700730602 2.638860187657736 -0.310587 0.418901 43.6831334577 2.46334760595 10.7250821579 0.152619591391 1.6239371249942385 0.8485420522492538 0
2458329.53088 -5.739392432354694 1.4215887324095222 0.601667 0.401745 30.7995187272 1.13594128288 10.6862845882 0.152819685813 1.0733724331795302 0.7544222166318624 0
2458331.42553 -4.734402571980242 1.7814538068511323 6.82627 0.494333 39.2909582313 1.47180546866 10.7023131606 0.153195756809 2.3348430059050793 0.8734994066898824 0
2458334.40422 -0.26916196755153143 1.7420454987133922 2.77652 0.404566 39.6721440422 1.36553437995 10.5902271025 0.153787000866 2.299946968276371 1.0031773165342848 0
2458342.46274 3.522273476268582 1.40593329037505 5.70192 0.477969 45.0484131997 1.23228328655 10.0727032701 0.155386547968 0.9577811348562524 0.4792410183955092 0
2458343.46575 0.2995163806907063 1.2721360082316508 4.11439 0.445444 40.895542611 0.984019036063 9.99645546873 0.15558563707 1.614998552634131 0.6720239601213728 0
2458344.66719 -4.1108656908059595 2.2397899574053888 8.26244 0.374697 42.1079884089 1.29495720746 9.73905683077 0.155824112789 3.0895379463308004 1.788671865467285 0
2458348.60155 0.9672285989895046 1.1313578050990658 -0.38429 0.47753 36.0818681066 0.931771948744 9.45388755521 0.156605048633 0.6312724183353299 0.42864509538035245 0
2458352.45694 -2.994063938957905 1.1335804107453997 4.98874 0.49837 38.7262284167 0.872157911038 9.21595805856 0.157370311732 1.8631300032827447 0.5253308185710911 0
2458353.58581 1.7521727091786459 2.642448710530383 3.44575 1.36621 42.5248657928 1.91960004192 8.988617142 0.157594382546 2.458296660546194 1.1963030981954628 0
2458355.46248 -4.946469961522145 1.2690045449434075 1.89159 0.502904 32.3787316114 0.900496680895 8.90025744432 0.157966884088 0.5645926483469847 0.7393009059721943 0
2458356.63345 1.7563914224936 1.1134662893148206 4.95405 0.362579 43.5335432917 0.891670003984 8.63447727927 0.158199313114 1.9538505155312356 0.559703716438186 0
2458359.60242 -1.2431862942030212 1.5769955060777847 6.13735 0.491936 39.0092747079 1.03897688316 8.31831699388 0.158788627123 -0.754729665572143 1.0795558505022145 0
2458361.40817 -5.695596768806671 1.4163948254743484 7.72035 0.316376 37.5117663052 0.944597908159 8.26775391911 0.159147052855 0.6168139806315085 1.006883965587132 0
2458362.5709 -0.8923075113326918 1.4115676153872387 10.0757 0.468676 44.882128852 0.911963166932 7.98325701533 0.159377844399 0.8283064783575276 0.9701490205128079 0
2458366.46933 -1.2507464395091716 1.5169800439127645 8.85432 0.368735 42.3381566224 1.19603456065 7.56629347272 0.160151650768 -0.1366206294659883 0.8571839260744477 0
2458384.4436 3.816750109025463 1.3531123349041554 2.40038 0.391444 43.791348168 1.03766867361 4.83460569404 0.163719387697 2.6994466306993763 0.7751956588752243 0
2458386.58199 -3.229433604139178 1.348492102237584 6.63926 0.394412 38.4643958318 1.10105852651 4.37395370951 0.164143840003 0.17937355536401559 0.6712229475057635 0
2458391.58312 1.0805030683637273 1.174458708594655 9.84086 0.316951 46.5835343947 0.932144212735 3.50428981533 0.16513652192 0.7859827638611108 0.6403143668996906 0
2458394.56941 -4.9379070819919475 1.569503020698917 13.4514 0.382271 44.5378593358 1.16303849709 2.97423820428 0.165729274184 1.1475851030167858 0.9821150995808446 0
2458396.56474 -1.7987226314392935 1.589901479328664 0.953567 0.467679 32.9496384097 1.26321939748 2.61207703314 0.166125330487 -1.08238332993587 0.8445944711818152 0
2458397.57172 5.649059418166297 1.6143901517691028 3.68102 0.419853 43.4983757171 0.852996822249 2.42435756248 0.166325208293 -0.7090809499414614 1.3047511033731098 0
2458399.59937 1.6178486818714268 1.5016336111411104 0.369895 0.37885 38.3559017865 1.25300489519 2.04242443912 0.166727678817 1.4903783852534087 0.7357682462896777 0
2458405.42161 -3.7289615553424182 2.718043134639955 -7.67383 0.408199 20.2666807447 1.47784174289 1.03481191413 0.167883342937 -3.2094630835327447 2.2443519869066693 0
2458434.47383 -1.9341476597723073 1.9968576666490512 3.7521 0.538111 39.3530238059 1.7139973456 -4.49858980636 0.173649959021 2.6503694659971435 0.8718315157209271 0
2458590.63981 7.9896661783915315 3.1897605762335832 8.07614 0.432129 53.2421967116 2.97379152412 -0.0988207516415 0.204647565915 2.2606909267333086 1.0697668120379318 0
2458610.57883 -2.8639781557349826 1.8542028801096564 -6.22585 0.681348 38.3588530607 1.55903201415 3.55877691216 0.208605290892 12.529023884959818 0.7370565801619783 0
2458614.6565 2.721602746496859 1.3959293640692239 42.9649 0.392766 88.9683663525 1.13545680973 4.22575328174 0.209414673025 8.36139689242798 0.7106978907810619 0
2458615.57372 1.8430580821909959 1.599334805058956 1.73254 0.430838 39.8124010808 1.27309428254 4.41960827363 0.20959673426 1.3161542238338444 0.8668802594321289 0
2458616.55835 0.09483633404253033 1.8181497192041893 3.3216 0.548828 42.974588529 1.18552325498 4.588337839 0.209792175054 4.637307979382308 1.2645120955343894 0
2458617.58209 -7.9382935700682316 1.7596100206042855 5.9686 0.48596 34.5952875237 1.32252864141 4.75181646574 0.209995379111 1.6439336740930675 1.0540342953013522 0
2458618.54053 -0.12856146573488758 1.2893030666157932 2.07658 0.315064 37.1355236343 1.01669439411 4.91944903738 0.210185620655 0.26626743875972286 0.7275778875687837 0
2458629.61022 -2.243747490753617 2.4685998568168745 11.1305 0.443412 44.8044367565 2.09705639035 6.60464275527 0.212382859591 0.9942493470784545 1.2246328213070898 0
2458630.60469 -0.9108748529827145 1.3124967217327876 11.7287 0.370971 48.1204851145 1.12286941443 6.75142620358 0.212580252283 2.3790276746075545 0.5693789949074535 0
2458636.58432 -7.809962916448053 1.558545739072513 2.04714 0.498011 30.390047504 0.977420125319 7.58521125042 0.213767157093 1.2280512228728904 1.107113256754664 0
2458637.60499 -0.5755033573409177 1.2832717490402827 6.29961 0.404589 39.9449654232 1.06335176708 7.70416385674 0.213969751265 -0.704163011334242 0.5936136305834613 0
2458638.58429 -2.9138267430191807 1.7714897726347174 -1.70826 0.494373 30.4708255429 1.36338045459 7.84276118553 0.21416413434 0.16769611094401873 1.0173323387504092 0
2458640.58854 -0.2552685470267787 2.035840630508766 7.03146 0.432519 45.9798098098 1.5151360941 8.08829453328 0.214561960817 4.2780043554516185 1.2891613567870246 0
2458641.57811 3.8101771089523253 2.04042183595013 1.12622 0.461946 43.5942158665 1.78693228883 8.21397832877 0.214758382639 3.732008334272512 0.8699426169708243 0
2458645.55703 -3.9469382432277325 1.7201942497296265 0.774078 0.389555 35.2054419604 1.35579183457 8.67990873091 0.215548163521 3.451701999552573 0.984450943460992 0
2458647.47996 -1.0833501818350824 1.5991753506487028 3.8957 0.468546 41.0230625333 1.26307830101 8.91761442218 0.215929849421 3.283730825159923 0.8616609852627166 0
2458650.56497 -1.8251040635896807 1.4100446996828908 26.231 0.443582 60.3582334628 0.986169571007 9.18739964365 0.216542196399 1.024743289414519 0.9049478667821983 0
2458656.55459 2.968753592160064 1.1717901874614813 10.6936 0.385526 49.7587715118 0.894495837382 9.72490080108 0.217731085736 1.167634793364774 0.6514131896588375 0
2458657.5564 4.337342674535055 1.5481248334388271 11.8954 0.577733 51.6615899407 1.05315997088 9.80335605082 0.217929936032 0.4998652895897802 0.9766110568423276 0
2458658.5839 -2.763525106713516 1.2259286048503237 12.3885 0.476496 47.5912572384 1.05254574036 9.86107906248 0.218133886617 3.037096417938357 0.40987799479068165 0
2458666.64036 0.12753795048512806 1.0802846420057528 4.65108 0.259697 41.9926427088 0.858295733408 10.3258446157 0.219733023047 2.2832396946397093 0.6024124915354484 0
2458669.63234 6.6105983566170865 1.7314640513365938 5.62041 0.433689 49.8781260659 1.50815667887 10.474644063 0.220326905453 2.71573876330775 0.7316727713365193 0
2458678.62979 8.158912164410951 3.637540391757819 -19.3309 0.502756 24.4060461109 3.22071620149 10.7352207103 0.222112821891 0.6448690840138883 1.6142873522307473 0
2458679.61271 4.148150153094861 1.6824350843299156 -6.15863 0.350451 36.0239619004 1.41637919547 10.7644353163 0.222307924009 3.1010817827299766 0.8376406653330879 0
2458680.606 4.845823284096988 1.3296083299310868 -2.72984 0.337682 39.0021891978 1.17110383022 10.7815685054 0.222505083254 1.9526487899278477 0.5313614558259876 0
2458681.60555 3.436498258985029 1.2256832121825632 -2.81562 0.358949 36.4905842689 0.997822162336 10.7901857011 0.22270348553 0.9359504837398123 0.6146591611334591 0
2458682.60732 0.7365833760287485 1.3824342682554862 1.50014 0.368048 38.478735761 1.16993166733 10.7939113554 0.222902328155 1.3080580161960902 0.6379067874921316 0
2458683.60488 4.110066735308168 1.877433361882705 -3.54841 0.337979 37.4832402617 1.46446039853 10.7985694102 0.223100336169 1.9874311496166726 1.1251142008720014 0
2458684.59532 0.772140830795179 2.401886659163372 -1.85341 0.583058 36.3833182565 2.09694502987 10.8068602813 0.223296928625 2.5302384565296596 1.015836814554638 0
2458685.59005 5.272651458868648 2.51033522910579 0.32168 0.350526 42.5085595543 1.61105201656 10.8083398921 0.223494374932 1.9796816798561874 1.8929938947972202 0
2458687.59107 5.635260603179581 2.1594493281158056 4.67942 0.524192 49.380007087 1.74288410553 10.7918631141 0.223891560931 4.130382882345259 1.1622388491767142 0
2458688.61163 6.16660308976771 1.5705472498450932 4.61023 0.436268 45.9729565034 1.37866567606 10.7607568132 0.224094133246 0.2609772398571276 0.6128375395025801 0
2458690.57029 4.835580840147978 1.5262153337634208 0.844656 0.450423 42.149572465 0.937288666468 10.7655258217 0.224482908736 1.5338006755768605 1.1171133880645279 0
2458691.58467 2.666277202123854 2.170747271776187 -3.43686 0.465688 36.6565395983 2.05323958838 10.7307719915 0.224684256345 2.491386099300985 0.5286639739047082 0
2458693.6277 0.672835547029684 1.3391349483637969 10.5317 0.382334 47.8501268106 1.08010478553 10.6396355377 0.225089780005 1.7094494429951508 0.693164320086484 0
2458694.57068 5.490528795966301 1.3726642966808915 0.827944 0.294245 43.0236566834 1.17940481111 10.6612498981 0.225276953428 1.7688548934585346 0.6376765974105773 0
2458695.55467 11.463763690376346 3.002341558095891 2.61202 0.537474 50.5133600669 2.85867101263 10.6425287615 0.225472265917 1.501052070048493 0.7437584099133766 0
2458696.56679 7.608996504435427 1.416208893835971 3.34737 0.425626 47.7239100504 1.0147040595 10.5938434237 0.225673164332 1.8308183410894077 0.8915524722309032 0
2458697.55684 8.359364851237812 1.3446841139433903 5.86467 0.459898 49.5445874306 1.00499587881 10.5629441019 0.225869679018 0.3836308597870269 0.7659324248766431 0
2458698.55378 1.8640688400421115 1.5677138783271503 3.88476 0.418541 42.0200711338 1.2930696753 10.522253994 0.226067564843 1.3341226882827288 0.7813584647596171 0
2458699.41383 9.056353819698488 1.4187742703728583 6.72793 0.349805 50.6510058237 1.26133451506 10.5958781879 0.226238276217 -0.07056831277364885 0.5473501012787076 0
2458700.54279 -2.7029087420066795 1.1741387719406415 3.48392 0.310888 37.8177207444 0.868528539781 10.4361744541 0.226462364393 2.099195081431519 0.7263667687996991 0
2458701.55859 2.4420640290730846 1.5349854377145817 6.02054 0.508868 45.699846958 1.26357773958 10.3679552347 0.226663992336 2.299526896051754 0.70753441513865 0
2458702.48131 1.1490302893338695 1.844050949608104 0.0106721 0.497563 38.2882428657 1.64094353601 10.385837286 0.226847145691 2.1906412900909675 0.6784241132069354 0
2458704.53874 8.009595276153906 1.5474866829514078 4.40979 0.41466 48.4462855234 1.27754467151 10.2108048554 0.227255527227 1.0885926794709306 0.7685386981724207 0
2458705.61543 2.808694569432055 1.8957209804934931 0.882258 0.397325 39.8762567513 1.53871090627 10.0745453021 0.227469240412 1.2467829008927827 1.0335664599690095 0
2458706.53214 6.221684456902804 1.55115613791248 3.61042 0.381747 46.0079790989 1.19984578019 10.0855680897 0.227651199493 1.2371714019220357 0.9059385718246424 0
2458707.54574 -1.452106766640401 1.3977047432575889 0.878026 0.361905 35.8348112497 0.992404718666 10.0022098146 0.22785239176 1.469987584065239 0.915279298724274 0
2458708.5302 11.26264229081956 2.1368884073926786 nan nan 48.1131624491 1.83485941117 9.94479902143 0.228047797569 1.911420320105273 1.0952547680289269 3
2458709.53342 -0.9952734221061875 1.6123370442353953 5.72756 0.438394 41.3052125263 1.04976413189 9.86620952295 0.228246927896 1.6336269799310221 1.142557093703369 0
2458710.52502 3.6646785573389025 1.1452136120789194 9.36267 0.422236 48.3853562093 0.840072743888 9.79643840498 0.228443752569 0.4185118588859343 0.6538415424025646 0
2458711.53194 1.5644186314581354 1.4340253362103272 6.0888 0.451349 44.647427986 0.942115730579 9.70879019968 0.228643617433 2.054513696566704 0.9824106551166717 0
2458712.52734 3.1578872450712034 1.3800876952680008 -3.08409 0.476155 37.7926772615 1.05186903164 9.62990519233 0.228841196196 2.7789867796536325 0.7559695780098667 0
2458713.5149 2.3672685090375407 1.5519024948946298 5.10764 0.32469 44.9368588002 1.0049125477 9.55621528149 0.229037218526 2.5218610319872945 1.1371580932458851 0
2458714.56753 -4.986120568777093 1.4034055471167393 3.46981 0.418421 38.2718394974 1.02465617848 9.41580595071 0.229246156549 4.847851869101933 0.8628735204717176 0
2458715.52491 2.256652746068355 1.2960413322314324 0.0450814 0.43996 39.3027819323 0.796833998281 9.3659303324 0.22943618666 2.060559558956483 0.9226125472994087 0
2458718.50249 -2.0449597897096066 1.7776013696385742 3.25208 0.539567 37.7297265433 1.58121128931 9.09802970362 0.230027212462 1.5815270799344434 0.6070460776826407 0
2458723.50181 -4.177687141648527 1.6259947391476406 3.40548 0.368343 36.0969390704 0.838385987597 8.56030904013 0.231019533017 1.927074638373362 1.343611276332918 0
2458725.6185 -2.510621797325365 1.3873036415527535 6.85805 0.364656 41.4627206186 1.15068724108 8.22086147405 0.231439679317 2.1728006960502033 0.6837808630913866 0
2458727.48787 -0.0757017515943118 1.1790200079224493 3.54334 0.545133 38.6817303528 0.925138271726 8.09466029089 0.231810733241 0.27122933061915167 0.48686483706502476 0
2458731.53038 0.835471616876526 1.501783213862089 3.2654 0.361363 38.8137663269 1.27616569959 7.53161800382 0.232613136227 -0.2307704667516879 0.704393860601707 0
2458733.69344 0.20477952751598505 1.4356866516043578 -2.40149 0.406613 33.4516073661 1.05337999636 7.15606279832 0.233042484615 0.7042233134088558 0.8867088660325514 1
2458735.62327 -2.3116576455119286 1.9150257187123803 -0.417414 0.407383 36.7202866177 1.15470100424 6.90477489718 0.233425540178 4.504880682536764 1.472422556694329 0
2458741.45698 -2.5373516092337893 1.704940926785865 1.35899 0.489971 36.2169178742 1.44625809872 6.15974735899 0.2345834806 2.449643962258627 0.7583465532915079 0
2458742.43384 -8.877952938692587 1.510646500927724 2.64367 0.419267 32.4436106955 0.917311388725 6.02924950892 0.234777379055 3.7320642145174237 1.124636763396582 0
2458743.43586 1.5600424645402624 1.6314573646517314 6.27518 0.371259 43.3880537241 1.07766461325 5.87009841542 0.234976270933 0.6068029480845742 1.167244134246484 0
2458744.41174 -4.272570847847746 1.2825090102757166 4.78049 0.34203 37.3794839411 1.0388060773 5.73717875685 0.235169975438 1.9253427729725832 0.6698707146292079 0
2458745.41176 1.149942148949438 1.3181485603446859 19.9342 0.323149 55.8970330455 1.10288560312 5.57661189695 0.235368470544 -0.13352961452460127 0.6455491440234268 0
2458746.52594 -6.486646657646388 2.9965041719956096 10.8417 0.360951 44.1570137521 2.78429734923 5.29795749373 0.235589625143 4.855318743971223 1.0471102613753602 0
2458749.60186 -0.2642099398462635 3.6527781356733198 8.47756 0.3879 42.8517163483 2.75142993879 4.74848610582 0.236200169884 -0.3088859223288957 2.371066213824935 0
2458757.41138 -0.472521141661726 1.5939507293124928 4.86795 0.321092 40.1587735359 1.38266515652 3.51605084477 0.237750293116 0.81454234388656 0.7251316569899684 0
2458762.44605 -0.1344644802970817 1.6828456022463298 2.30196 0.444471 39.8208718553 1.4043144454 2.56300550193 0.238749630311 2.703574664721917 0.8138278623805745 0
2458767.36908 -5.081311161599667 1.5895022381458301 8.69445 0.354071 39.743014268 1.15408127203 1.70961562466 0.239726810786 1.1790965782245038 1.0340442493279862 0
2458772.35804 2.3217978893890083 1.5147084287981456 2.77633 0.368187 41.212433737 1.15956725785 0.771499826973 0.240717075694 1.1625367313358281 0.9023213018859536 0
2458777.38733 8.069965143944959 2.643194368791184 -10.3621 0.540264 34.0515911856 2.35831953889 -0.221042177307 0.241715347989 1.3909586530798799 1.0643872575351196 0
2458783.32729 -5.054410917091082 1.337285551073056 -7.67303 0.413434 23.1539856509 1.01768225427 -1.31696280949 0.242894378827 0.9274801485159202 0.7627108246925529 0
2458795.36308 6.947241026324425 3.9482112672506715 5.69098 0.733295 50.3651273658 3.24311562242 -3.63700522483 0.245283378953 2.7705709200004103 2.1290494859020312 0
