2457595.62153 4.0768605100051385 1.2887507985843252 15.109060510005138 1.2479224769398682 11.0322 0.32182 23.8855938593 0.0
2457596.62073 5.776658127111596 1.279030906045931 21.989851199468816 1.2497249773816939 16.2119 0.272227 23.5999424102 0.00129307235722
2457606.6551 7.722445832046741 1.438860645360042 -47.134975501786656 1.3881225815197002 -54.8717 0.378729 20.2409051899 0.0142786661666
2457610.64679 2.1905004020396546 1.114938303046694 -27.164255241304144 1.0861199190584996 -29.3742 0.251855 18.7774921719 0.0194443566562
2457613.59716 -0.5489221752407911 1.1554520079133395 2.606600278193509 1.0204203274410835 3.13226 0.542044 17.7422890937 0.0232624534343
2457617.59852 -2.3222801386552083 1.5586504529724168 -0.7193594765943082 1.481978946316755 1.57448 0.482835 16.1154497432 0.0284406620609
2457622.60054 3.5059097473398038 1.4635493787376792 3.1662305805029036 1.4144788412706804 -0.374593 0.375801 13.9838471655 0.0349138331631
2457625.56427 -2.660329498680684 1.1655391638316825 -8.619460273336484 1.104314898503347 -5.99788 0.372787 12.7545721574 0.0387492253442
2457626.58661 -0.13304580363555366 1.2332925099183678 6.577896445901146 1.185220582124588 6.67087 0.340973 12.2410053463 0.0400722495367
2457628.59395 0.06851032500585573 1.118611900603865 10.449580297293956 1.0410668169798667 10.3384 0.409234 11.3028688095 0.0426699722881
2457629.54913 -1.4956953709813523 1.5028517512832065 5.750810707248048 1.438929162567081 7.2026 0.433643 10.9615715764 0.0439060782294
2457631.49355 -3.771494507651174 1.2457918898006957 6.659327857963725 1.1930707507491702 10.3844 0.35858 10.1665656704 0.0464223656149
2457632.56313 -0.9501012975285126 1.3612629385585298 4.326735229846587 1.3377822105514796 5.22903 0.251745 9.5043502218 0.0478065273751
2457633.51451 -6.209715639361294 1.2242807339097672 8.091122079641705 1.198829035559966 14.2518 0.248339 9.15776019121 0.049037719003
2457634.56065 -5.754770196054159 1.373005685698353 5.947321340539041 1.317332741106439 11.6517 0.387013 8.5486627311 0.0503915365932
2457635.58339 -8.015237399638824 1.5462998745588943 0.9253676743901756 1.4959594717427516 8.88889 0.391342 7.99957468868 0.051715074029
2457636.62595 -3.3802602776206103 1.6931785910624897 3.194633987617589 1.6209936020871143 6.52183 0.489115 7.39618345816 0.0530642652382
2457644.56306 -0.11687181352166097 1.4432276130335544 -8.035906042865761 1.4192941983558345 -7.98237 0.261744 3.59731144035 0.0633357706559
2457650.52737 -0.3220837823908035 1.2608607772708715 10.048870457203796 1.1917057758121785 10.2999 0.411834 0.674311012147 0.0710542395946
2457652.57328 0.7485028438474048 1.1722529822659284 9.232434718801805 1.0603985017941904 8.41023 0.499732 -0.46753294736 0.0737018749544
2457654.53032 -1.7204198327145435 1.2957345127749123 16.430414675721057 1.262917762443794 18.0746 0.28977 -1.36787514011 0.0762345084356
2457655.51421 -2.914547056458892 1.184702088923637 1.250640717629608 1.1073222957797921 4.08768 0.421137 -1.8332128688 0.0775077740885
2457659.50792 7.637789102533404 1.2483058698600054 4.034325172263204 1.1753616663129458 -3.68614 0.420467 -3.86145038441 0.0826760697298
2457672.47566 2.953545631469897 1.328507721593602 6.323613397813097 1.2622460436657443 3.27061 0.414328 -10.2886631021 0.0994577663432
2457673.46333 5.374214721546743 1.1783365279837372 -3.701659360691258 1.1135459859259378 -9.17661 0.385347 -10.7381594676 0.100735917762
2457676.44465 -0.1654451605642855 1.4999922638481518 5.296428918146715 1.4144950050121432 5.35728 0.49918 -12.1183435804 0.104594078711
2457685.44796 4.258638878891015 1.448866782904859 10.682154238914014 1.3790196343711265 6.30727 0.444432 -16.2534717565 0.116245360023
2457688.43651 8.91003512650095 1.406390426918179 11.280108003580951 1.290942757769723 2.24996 0.558033 -17.5310432052 0.12011287708
2457689.40901 11.202285726657678 1.2484899666894311 14.715837132217677 1.182495203087174 3.39218 0.40054 -17.8828083458 0.12137140556
2457690.43182 5.012820110913387 1.0549242722630288 5.2955581443313875 0.953988117853509 0.160043 0.450302 -18.3668439215 0.122695033418
2457691.4017 7.823540610356641 1.0542471028594198 3.827620779592642 1.0244331802818962 -4.11987 0.248945 -18.7012723495 0.123950169236
2457692.41849 3.21163256171117 1.03072165434849 1.7681485678351698 0.9565773176167666 -1.56875 0.383858 -19.1578234486 0.125266006124
2457693.40692 2.667562529917739 1.0726793611229117 3.773621665751739 1.0435782868970866 0.979514 0.248164 -19.531464046 0.126545135834
2457694.41443 3.711114898799643 1.006359941982341 3.411457875852643 0.8981333001429692 -0.427506 0.454001 -19.9508691998 0.127848977053
2457695.41596 -0.42112277339438375 1.4639815174749085 1.2359722877216162 1.4150947340313071 1.52795 0.375165 -20.3477846258 0.129145061116
2457698.31722 6.428372675996648 2.085388433817725 4.375442284565648 2.0505887491100556 -2.18583 0.379382 -21.2288363689 0.132899608569
2457699.45489 -0.9360196959129918 1.6730940777607937 -0.1039688095719919 1.6077948915947708 0.697679 0.46286 -21.9535739959 0.134371886341
2457703.27759 0.5064375232038469 1.121400775026237 4.314896404959847 1.0510720830796738 3.66914 0.39088 -22.8990535422 0.139318881756
2457704.37274 0.5557918589204867 1.4069501145793817 4.912777992199486 1.3778962080690023 4.21625 0.284448 -23.4682809232 0.140736133279
2457705.27848 3.176089136402232 1.3579219174445283 2.1909373980612323 1.2231476824456744 -1.12706 0.589798 -23.5572457214 0.141908261659
2457706.31127 -1.1472737402977424 0.9758578743370263 -0.16945794062474245 0.8327392933064822 0.834571 0.508767 -23.9533297383 0.143244799673
2457709.37379 4.530279737742323 1.0163447147536058 3.0924377865033232 0.9277262337126122 -1.58505 0.415067 -25.0308445515 0.147208048761
2457711.25778 1.7220310795917224 1.0747168366158217 1.4605302124147224 0.9821423578771659 -0.411147 0.436363 -25.3211579351 0.149646132823
2457712.38063 2.2651009270775684 0.9699967164218115 5.2523901548855685 0.8695392659248323 2.83619 0.429878 -25.9041468834 0.151099227808
2458002.55652 -7.331558791920215 1.0915383123497888 11.587460230829784 0.9937384147341921 18.3924 0.451597 7.21787330681 0.52661902275
2458021.50283 11.97101746442337 0.9408109491504174 12.522155122428371 0.9408109491504174 nan nan -2.21044949399 0.551137658005
2458035.46416 -2.77176069484901 1.3101420382569027 -26.85185553095501 0.9803317999065171 -24.6493 0.86915 -9.13756395018 0.569205163894
2458057.41603 -2.0944387333808687 0.9684724671533844 -5.942475412593868 0.8996001353569059 -4.44565 0.35869 -19.0488225895 0.597613320787
2458079.43846 -1.914050613494481 0.9197384801018916 0.36128217138451896 0.7957783852707597 1.64922 0.461146 -26.5325497637 0.626112784879
2458084.38972 1.4279114623276037 1.2002009712193933 4.047361723700604 1.120409093070462 1.98693 0.430309 -27.602405744 0.632520261373
2458092.35906 1.894904521631443 0.8077425958606361 1.7607219987494431 0.7538351688842058 -0.777016 0.290139 -28.9839497402 0.642833477118
2458095.35286 4.939668684180314 1.0843664638360118 9.149316470393314 1.0338733762546632 3.56294 0.327042 -29.3809323766 0.646707786213
2458109.34837 3.0541032500944993 1.0678052849750117 7.1411927842614995 0.8875507013098272 3.42227 0.593685 -30.2018281564 0.664819534167
2458120.33386 1.3682810097826072 1.6426812832740494 -1.668343017960393 1.5036492602897384 -3.71566 0.661393 -29.5095592909 0.679035972257
2458316.6617 4.261959615372238 1.5233563211099257 5.4265265935132385 1.3456002249704653 0.231461 0.714125 26.1871866042 0.933105978141
2458327.63344 2.0804251294263207 0.9464042637571959 4.9109697578363205 0.822966800580558 1.88324 0.46734 23.3959969122 0.94730462841
2458329.60584 3.4055954025810813 0.9316259698452095 5.661052534701081 0.8550175824192315 1.3056 0.369962 22.8621322941 0.94985713212
2458333.59992 4.107525465538155 1.0932108080545713 8.086411378066154 1.0287749021619494 3.02386 0.369773 21.5956544594 0.955025912528
2458335.64997 2.0757596644695373 1.1226894274563082 6.813308577939537 1.0444154894682351 3.77987 0.411859 20.7852874277 0.95767891347
2458337.64458 3.488300847147981 1.0247756326935233 7.947741006258981 0.8854784742716285 3.49918 0.515842 20.0936655686 0.960260159111
2458339.64899 10.04096466194388 1.2107218021338233 11.00381874860288 1.2107218021338233 nan nan 19.3496299028 0.962854086659
2458342.60136 5.558664261894807 1.063173858353767 8.898889041890806 0.9784112003844989 2.37355 0.415993 18.3314697175 0.966674779996
2458346.62559 5.435287015731321 1.2521070901840214 7.791229590156321 1.1600034231156808 1.38406 0.471343 16.6590035604 0.971882574425
2458349.62779 4.097473975439068 1.1614650770859634 8.845671738307068 1.0673745444567726 3.77243 0.457944 15.3982276 0.975767762868
2458351.57804 4.96730476201444 1.077675121494083 9.53157636664944 0.9727466894763952 3.58598 0.46384 14.6769839063 0.978291604635
2458353.51677 4.5707881486232145 1.218673020836752 10.758298674389215 1.0557736409152174 5.20671 0.608692 13.9651162393 0.980800525766
2458355.57519 1.2903023710965662 1.0179811359310476 4.220006726121566 0.9063493265967961 1.94624 0.463483 12.9248588306 0.983464355025
2458357.55984 0.2685739652827175 1.005189200975514 5.8416466715947175 0.9156107094949206 4.58704 0.414804 12.065117647 0.986032706312
2458360.59426 1.615104100194372 0.7253303606785281 16.684363689271372 0.5998917940746011 14.0793 0.407718 10.5906108529 0.989959589077
2458362.60562 2.637639755451118 0.9171653550930965 14.093102261321118 0.7869103312462264 10.4629 0.471131 9.62208493547 0.99256250587
2458365.62611 2.2969930042623643 1.2999638223260703 9.830154364239364 1.1850411720090601 6.53669 0.5344 8.13507927013 0.996471359977
2458382.44131 4.120958326658224 1.0915982186875917 12.802550423568224 1.0223858229366853 7.66336 0.38251 0.125795333258 1.01823209691
2458384.5614 6.036979490423605 1.2895455835380558 8.953705213283605 1.2009146680682623 1.89575 0.469821 -1.22030372415 1.02097572286
2458390.53093 2.049367013524776 1.1007182630373067 10.665967973034777 1.038402154061164 7.5879 0.365105 -4.18053005028 1.02870095951
2458392.52936 3.904610084095834 1.2999470788020024 9.845787238215834 1.2440632792896267 4.90989 0.377053 -5.18894044309 1.03128715412
2458394.51567 -0.22580009911003973 1.2232583996449498 12.54385755257996 1.1556161192112733 11.7358 0.401139 -6.1622894564 1.03385765169
2458396.51713 -0.9301505447256959 1.0478673724613912 1.0141342243643041 0.9632556930374925 0.907837 0.41251 -7.17495489412 1.03644776909
2458398.5206 -2.48620321902182 1.086685899405235 2.3332372560881804 0.9966171096971819 3.7804 0.433175 -8.18834377439 1.03904047511
2458416.49363 1.3191187264194568 0.8561693718104879 0.5334683042894568 0.7579988704486079 -1.84795 0.398075 -16.6002427967 1.06229957787
2458711.60627 4.591470113727595 1.1920379615118113 12.665358191457594 1.1320583312551675 6.62968 0.373361 16.812240737 1.44420807773
2458718.6362 4.4362050202212995 1.1437028808339755 5.2589716078013 1.0099955258573845 -0.630539 0.536624 13.7767105923 1.45330558758
2458719.59612 1.7636453275675203 1.0627539683518812 7.57912315834752 0.9289857524998276 4.36093 0.51617 13.4453285463 1.45454783078
2458723.64645 1.9083878740402107 1.2764715947752272 6.913147278550211 1.1991556851664473 3.54497 0.437499 11.499740985 1.45978940451
2458743.57674 11.586798618290457 1.8750518829337548 16.760810030850458 1.7445720798721442 3.68843 0.687232 1.93030150683 1.48558141256
2458759.53854 -2.724737030028158 1.487622270232174 3.8061807244518424 1.4482101207790006 5.02468 0.340158 -6.12034927561 1.50623775448
2458760.51605 0.24819589259607144 1.1207197591429279 4.647208651386071 1.0115567491591275 2.89151 0.482458 -6.56319888079 1.50750275879
2458765.48609 0.8229381520663583 1.404583775418761 8.689592690636358 1.3289886333018879 6.35272 0.454582 -8.9689392759 1.51393453857
2458771.4716 4.694014612093557 1.8284475606833086 9.138795061933557 1.755599652901749 2.9231 0.51097 -11.8326507979 1.52168044984
2458772.47871 2.4256803332862953 1.1617516891562132 5.373624097886295 1.074239643025854 1.42496 0.442353 -12.3266749509 1.5229837646
2458773.48878 2.2072507145557503 1.016067846218808 9.45635162642575 0.9481577435167247 5.72481 0.365227 -12.825584133 1.52429091187
2458783.41444 -1.6040995913170664 0.9149925029433651 -5.951323779067066 0.8523922542272214 -5.88436 0.332624 -17.1575372787 1.53713581225
