2457595.62153 23.8855938593 2457595.62074 23.881246 11.0322 car-20160726T02h39m15s-sci-gtoc-vis.fits 0.498021996616 1182.0 23902.4024647 23868.4402871
2457596.62073 23.5999424102 2457596.61994 23.595595 16.2119 car-20160727T02h38m29s-sci-gtoc-vis.fits 0.472518612521 1182.0 23615.997967 23581.8061044
2457606.6551 20.2409051899 2457606.65431 20.236641 -54.8717 car-20160806T03h21m05s-sci-gtoc-vis.fits 0.505015 1800.0 20268.9769938 20213.5188709
2457610.64679 18.7774921719 2457610.646 18.773204 -29.3742 car-20160810T03h13m53s-sci-gtoc-vis.fits 0.50017071952 1200.8 18796.1685719 18758.8967664
2457613.59716 17.7422890937 2457613.59637 17.737998 3.13226 car-20160813T02h02m29s-sci-gtoc-vis.fits 0.490850739958 1182.5 17760.2116821 17723.5842307
2457617.59852 16.1154497432 2457617.59773 16.111164 1.57448 car-20160817T02h03m54s-sci-gtoc-vis.fits 0.502269497547 1182.2 16134.0839221 16096.9232735
2457622.60054 13.9838471655 2457622.59976 13.979571 -0.374593 car-20160822T02h05m47s-sci-gtoc-vis.fits 0.536188663283 1182.0 14003.9963861 13966.4214906
2457625.56427 12.7545721574 2457625.56348 12.750303 -5.99788 car-20160825T01h14m35s-sci-gtoc-vis.fits 0.500475977853 1119.8 12772.2095173 12736.86481
2457626.58661 12.2410053463 2457626.58582 12.236745 6.67087 car-20160826T01h46m26s-sci-gtoc-vis.fits 0.479622877123 1201.2 12259.4370951 12220.9993941
2457628.59395 11.3028688095 2457628.59316 11.298612 10.3384 car-20160828T01h54m28s-sci-gtoc-vis.fits 0.480536059133 1501.7 11326.0213644 11277.9201825
2457629.54913 10.9615715764 2457629.54834 10.957306 7.2026 car-20160829T00h51m41s-sci-gtoc-vis.fits 0.510212270041 1201.3 10980.8853188 10942.8950761
2457631.49355 10.1665656704 2457631.49276 10.162303 10.3844 car-20160830T23h31m41s-sci-gtoc-vis.fits 0.51140959472 1181.9 10183.7842807 10149.787109
2457632.56313 9.5043502218 2457632.56234 9.500094 5.22903 car-20160901T01h11m09s-sci-gtoc-vis.fits 0.546178510998 1182.0 9525.13301921 9487.04405876
2457633.51451 9.15776019121 2457633.51372 9.153494 14.2518 car-20160902T00h01m46s-sci-gtoc-vis.fits 0.512012349856 1182.2 9176.22671139 9139.93266789
2457634.56065 8.5486627311 2457634.55986 8.544402 11.6517 car-20160903T01h07m41s-sci-gtoc-vis.fits 0.536071881607 1182.5 8569.13671197 8530.91760233
2457635.58339 7.99957468868 2457635.5826 7.995322 8.88889 car-20160904T01h40m44s-sci-gtoc-vis.fits 0.51048376353 1201.0 8019.34834156 7980.69583488
2457636.62595 7.39618345816 2457636.62516 7.391937 6.52183 car-20160905T02h42m35s-sci-gtoc-vis.fits 0.488346589948 1181.8 7413.75650781 7378.04794321
2457644.56306 3.59731144035 2457644.56176 9.871735 -7.98237 car-20160913T01h08m00s-sci-gtoc-vis.fits 0.447726666667 1800.0 3623.39475924 3565.4005102
2457650.52737 0.674311012147 2457650.52658 0.670102 10.2999 car-20160919T00h19m56s-sci-gtoc-vis.fits 0.50926305102 1181.9 693.936828448 655.415123575
2457652.57328 -0.46753294736 2457652.57249 -0.47174 8.41023 car-20160921T01h26m05s-sci-gtoc-vis.fits 0.507300499281 1181.7 -448.819346344 -485.478793247
2457654.53032 -1.36787514011 2457654.52953 -1.372082 18.0746 car-20160923T00h24m33s-sci-gtoc-vis.fits 0.491320020308 1181.8 -1348.98027029 -1387.35975779
2457655.51421 -1.8332128688 2457655.51342 -1.83743 4.08768 car-20160924T00h01m18s-sci-gtoc-vis.fits 0.494644489589 1181.4 -1814.12804926 -1852.69170278
2457659.50792 -3.86145038441 2457659.50713 -3.865668 -3.68614 car-20160927T23h46m29s-sci-gtoc-vis.fits 0.517752734136 1801.3 -3830.99834333 -3889.72929778
2457672.47566 -10.2886631021 2457672.47487 -10.292936 3.27061 car-20161010T23h05m45s-sci-gtoc-vis.fits 0.521037049569 1182.2 -10268.7555829 -10306.9118501
2457673.46333 -10.7381594676 2457673.46254 -10.742437 -9.17661 car-20161011T22h49m02s-sci-gtoc-vis.fits 0.470320344857 1183.1 -10720.1723041 -10758.4015804
2457676.44465 -12.1183435804 2457676.44386 -12.122633 5.35728 car-20161014T22h21m48s-sci-gtoc-vis.fits 0.495730346577 1183.0 -12099.4888895 -12137.5546658
2457685.44796 -16.2534717565 2457685.44716 -16.257802 6.30727 car-20161023T22h19m14s-sci-gtoc-vis.fits 0.590016648169 1802.0 -16219.7182827 -16276.764395
2457688.43651 -17.5310432052 2457688.43572 -17.535396 2.24996 car-20161026T22h10m01s-sci-gtoc-vis.fits 0.542318681319 1183.0 -17510.7670451 -17548.0858898
2457689.40901 -17.8828083458 2457689.40822 -17.88717 3.39218 car-20161027T21h31m26s-sci-gtoc-vis.fits 0.49501182832 1183.6 -17864.2945775 -17901.724572
2457690.43182 -18.3668439215 2457690.43103 -18.371215 0.160043 car-20161028T22h03m53s-sci-gtoc-vis.fits 0.520440964875 1181.5 -18347.4935205 -18384.5976236
2457691.4017 -18.7012723495 2457691.40091 -18.705645 -4.11987 car-20161029T21h22m54s-sci-gtoc-vis.fits 0.494396185343 964.7 -18686.2662462 -18716.6431391
2457692.41849 -19.1578234486 2457692.4177 -19.162204 -1.56875 car-20161030T21h44m57s-sci-gtoc-vis.fits 0.512218490217 1190.9 -19138.6491116 -19176.036295
2457693.40692 -19.531464046 2457693.40613 -19.535856 0.979514 car-20161031T21h30m49s-sci-gtoc-vis.fits 0.50817264451 911.7 -19516.9181618 -19545.5364047
2457694.41443 -19.9508691998 2457694.41364 -19.955258 -0.427506 car-20161101T21h38m07s-sci-gtoc-vis.fits 0.498432923257 1365.6 -19929.5753405 -19972.224217
2457695.41596 -20.3477846258 2457695.41517 -20.35218 1.52795 car-20161102T21h42m01s-sci-gtoc-vis.fits 0.493870995012 1182.9 -20329.5841485 -20366.3628141
2457698.31722 -21.2288363689 2457698.31642 -21.233236 -2.18583 car-20161105T19h14m16s-sci-gtoc-vis.fits 0.519198312236 1801.2 -21202.8540763 -21253.5796268
2457699.45489 -21.9535739959 2457699.4541 -21.958014 0.697679 car-20161106T22h32m04s-sci-gtoc-vis.fits 0.537951165372 1802.0 -21925.5052219 -21977.085194
2457703.27759 -22.8990535422 2457703.2768 -22.903493 3.66914 car-20161110T18h23m19s-sci-gtoc-vis.fits 0.492862303966 1217.9 -22883.9116653 -22915.0632213
2457704.37274 -23.4682809232 2457704.37195 -23.472746 4.21625 car-20161111T20h36m10s-sci-gtoc-vis.fits 0.476275119352 1801.4 -23442.0942976 -23497.0838165
2457705.27848 -23.5572457214 2457705.27769 -23.561693 -1.12706 car-20161112T18h19m54s-sci-gtoc-vis.fits 0.497191366587 1802.3 -23534.356433 -23581.2717143
2457706.31127 -23.9533297383 2457706.31048 -23.957801 0.834571 car-20161113T19h08m59s-sci-gtoc-vis.fits 0.438873966369 1801.9 -23930.8701128 -23982.6614866
2457707.39404 -24.4792876875 2457707.39325 -24.483774 1.85017 car-20161114T21h18m28s-sci-gtoc-vis.fits 0.453554216867 398.4 -24473.8831914 -24485.783748
2457709.37379 -25.0308445515 2457709.37301 -25.035356 -1.58505 car-20161116T20h40m11s-sci-gtoc-vis.fits 0.476771936581 1557.9 -25008.4798107 -25055.2763965
2457711.25778 -25.3211579351 2457711.25699 -25.325647 -0.411147 car-20161118T17h55m39s-sci-gtoc-vis.fits 0.488478067695 1237.9 -25306.1166947 -25337.3452628
2457712.38063 -25.9041468834 2457712.37984 -25.908682 2.83619 car-20161119T20h51m40s-sci-gtoc-vis.fits 0.502454195883 1326.3 -25884.4375273 -25923.5064494
2458002.55652 7.21787330681 2458002.55572 7.213909 18.3924 car-20170906T00h56m49s-sci-gtoc-vis.fits 0.512057843899 1801.4 7247.69852063 7189.42179379
2458021.50283 -2.21044949399 2458021.50204 -2.214435 nan car-20170924T23h39m10s-sci-gtoc-vis.fits 0.515859886755 1801.4 -2180.14776792 -2238.93793844
2458035.46416 -9.13756395018 2458035.46336 -9.141602 -24.6493 car-20171008T22h44m37s-sci-gtoc-vis.fits 0.490800155478 1800.9 -9108.95126472 -9167.30001188
2458057.41603 -19.0488225895 2458057.41523 -19.053017 -4.44565 car-20171030T21h36m41s-sci-gtoc-vis.fits 0.495236587804 1800.6 -19020.8048944 -19077.298863
2458079.43846 -26.5325497637 2458079.43766 -26.537006 1.64922 car-20171121T22h11m03s-sci-gtoc-vis.fits 0.507012604809 1800.9 -26508.9742556 -26554.6167235
2458084.38972 -27.602405744 2458084.38891 -27.606916 1.98693 car-20171126T21h01m47s-sci-gtoc-vis.fits 0.497523872974 1801.2 -27577.4955016 -27626.9989817
2458092.35906 -28.9839497402 2458092.35826 -28.988568 -0.777016 car-20171204T20h19m00s-sci-gtoc-vis.fits 0.487987679671 1801.9 -28959.8262354 -29008.7614454
2458095.35286 -29.3809323766 2458095.35206 -29.385579 3.56294 car-20171207T20h10m10s-sci-gtoc-vis.fits 0.498749653144 1801.9 -29356.6256058 -29404.8517147
2458109.34837 -30.2018281564 2458109.34757 -30.206682 3.42227 car-20171221T20h06m54s-sci-gtoc-vis.fits 0.459410817414 1800.8 -30182.6757509 -30223.4679136
2458120.33386 -29.5095592909 2458120.33306 -29.514551 -3.71566 car-20180101T19h46m48s-sci-gtoc-vis.fits 0.485063305198 1800.8 -29491.6411033 -29527.5890378
2458316.6617 26.1871866042 2458316.66089 26.183072 0.231461 car-20180717T03h32m53s-sci-gtoc-vis.fits 0.505074394848 1801.2 26213.0984471 26161.4536124
2458327.63344 23.3959969122 2458327.63264 23.39199 1.88324 car-20180728T02h50m42s-sci-gtoc-vis.fits 0.511228625361 1801.2 23423.0305765 23369.8207895
2458329.60584 22.8621322941 2458329.60504 22.858148 1.3056 car-20180730T02h11m31s-sci-gtoc-vis.fits 0.485366503776 1800.8 22886.9080229 22835.2990188
2458333.59992 21.5956544594 2458333.59912 21.591705 3.02386 car-20180803T02h01m35s-sci-gtoc-vis.fits 0.518020544142 1801.0 21622.6208705 21570.0748588
2458335.64997 20.7852874277 2458335.64917 20.781362 3.77987 car-20180805T03h14m13s-sci-gtoc-vis.fits 0.492765437583 1800.8 20812.5793682 20757.2345737
2458337.64458 20.0936655686 2458337.64378 20.089756 3.49918 car-20180807T03h05m28s-sci-gtoc-vis.fits 0.5189885083 1801.3 20122.5580537 20066.9215329
2458339.64899 19.3496299028 2458339.64819 19.345739 nan car-20180809T03h12m55s-sci-gtoc-vis.fits 0.476111172812 1800.8 19376.2260828 19320.510023
2458342.60136 18.3314697175 2458342.60056 18.327603 2.37355 car-20180812T02h02m58s-sci-gtoc-vis.fits 0.512554833694 1800.9 18359.8542643 18304.2214708
2458346.62559 16.6590035604 2458346.62479 16.655163 1.38406 car-20180816T02h37m58s-sci-gtoc-vis.fits 0.497185193407 1801.9 16687.2264943 16630.5506057
2458349.62779 15.3982276 2458349.62699 15.394415 3.77243 car-20180819T02h40m06s-sci-gtoc-vis.fits 0.524386033085 1801.4 15428.040385 15371.3656846
2458351.57804 14.6769839063 2458351.57724 14.67317 3.58598 car-20180821T01h28m52s-sci-gtoc-vis.fits 0.506193172356 1801.5 14705.4871889 14648.9288476
2458353.51677 13.9651162393 2458353.51596 13.961314 5.20671 car-20180823T00h00m18s-sci-gtoc-vis.fits 0.512791782343 1801.0 13990.9315533 13939.8311575
2458355.57519 12.9248588306 2458355.57439 12.921067 1.94624 car-20180825T01h24m03s-sci-gtoc-vis.fits 0.520881389799 1801.7 12954.5589773 12897.3709919
2458357.55984 12.065117647 2458357.55903 12.061341 4.58704 car-20180827T01h01m46s-sci-gtoc-vis.fits 0.522912432673 1800.9 12094.7204787 12037.8465744
2458360.59426 10.5906108529 2458360.59346 10.586847 14.0793 car-20180830T01h52m26s-sci-gtoc-vis.fits 0.48097845402 1800.8 10618.391459 10560.7923832
2458362.60562 9.62208493547 2458362.60482 9.618318 10.4629 car-20180901T02h08m01s-sci-gtoc-vis.fits 0.503133673809 1801.4 9650.93590186 9593.90747023
2458365.62611 8.13507927013 2458365.62531 8.131333 6.53669 car-20180904T02h38m14s-sci-gtoc-vis.fits 0.475527353513 1800.5 8161.3701139 8106.70378089
2458382.44131 0.125795333258 2458382.44051 0.122042 7.66336 car-20180920T22h10m20s-sci-gtoc-vis.fits 0.523926925426 1800.9 153.152417657 100.221129984
2458384.5614 -1.22030372415 2458384.5606 -1.224073 1.89575 car-20180923T01h04m35s-sci-gtoc-vis.fits 0.479891726818 1801.0 -1192.93165665 -1249.48111743
2458390.53093 -4.18053005028 2458390.53013 -4.184321 7.5879 car-20180929T00h19m55s-sci-gtoc-vis.fits 0.50887488199 1800.7 -4151.03517665 -4208.6719114
2458392.52936 -5.18894044309 2458392.52856 -5.192731 4.90989 car-20181001T00h18m05s-sci-gtoc-vis.fits 0.496159013936 1801.1 -5160.29813987 -5217.6531739
2458394.51567 -6.1622894564 2458394.51487 -6.166095 11.7358 car-20181002T23h58m24s-sci-gtoc-vis.fits 0.496718125278 1800.8 -6133.41181681 -6191.25683225
2458396.51713 -7.17495489412 2458396.51633 -7.178776 0.907837 car-20181005T00h00m48s-sci-gtoc-vis.fits 0.489058908445 1801.1 -7146.7161916 -7204.08994781
2458398.5206 -8.18834377439 2458398.51979 -8.19217 3.7804 car-20181007T00h04m59s-sci-gtoc-vis.fits 0.518323339996 1801.2 -8158.74778843 -8215.4212375
2458416.49363 -16.6002427967 2458416.49283 -16.604235 -1.84795 car-20181024T23h27m21s-sci-gtoc-vis.fits 0.514029643611 1801.4 -16572.7185582 -16625.6252824
2458711.60627 16.812240737 2458711.60547 16.80858 6.62968 car-20190816T02h10m10s-sci-gtoc-vis.fits 0.498694179071 1800.4 16840.3418879 16783.8814712
2458718.6362 13.7767105923 2458718.6354 13.773119 -0.630539 car-20190823T02h52m23s-sci-gtoc-vis.fits 0.510458430458 1801.8 13805.4696351 13749.492946
2458719.59612 13.4453285463 2458719.59532 13.441733 4.36093 car-20190824T01h54m22s-sci-gtoc-vis.fits 0.518696135051 1800.8 13475.0873663 13417.7142124
2458723.64645 11.499740985 2458723.64565 11.496166 3.54497 car-20190828T03h07m07s-sci-gtoc-vis.fits 0.501252082177 1801.0 11527.2137092 11473.0006649
2458743.57674 1.93030150683 2458743.57594 1.926757 3.68843 car-20190917T01h37m36s-sci-gtoc-vis.fits 0.322925710792 654.2 1936.96478205 1916.41274684
2458759.53854 -6.12034927561 2458759.53774 -6.123951 5.02468 car-20191003T00h30m10s-sci-gtoc-vis.fits 0.536250138781 1801.4 -6089.93269919 -6146.1902432
2458760.51605 -6.56319888079 2458760.51525 -6.566808 2.89151 car-20191003T23h57m44s-sci-gtoc-vis.fits 0.538948186816 1800.7 -6531.93856666 -6589.65669052
2458765.48609 -8.9689392759 2458765.48529 -8.972593 6.35272 car-20191008T23h22m03s-sci-gtoc-vis.fits 0.44978933176 1186.7 -8951.66814004 -8989.99065252
2458771.4716 -11.8326507979 2458771.47079 -11.836352 2.9231 car-20191014T22h56m46s-sci-gtoc-vis.fits 0.453252289759 1801.5 -11806.3889666 -11864.1314768
2458772.47871 -12.3266749509 2458772.47791 -12.330389 1.42496 car-20191015T23h05m21s-sci-gtoc-vis.fits 0.510469105646 1801.3 -12297.2907395 -12354.5883505
2458773.48878 -12.825584133 2458773.48798 -12.82931 5.72481 car-20191016T23h20m00s-sci-gtoc-vis.fits 0.50774693243 1801.1 -12796.7460398 -12853.1514376
2458783.41444 -17.1575372787 2458783.41364 -17.161378 -5.88436 car-20191026T21h33m48s-sci-gtoc-vis.fits 0.503225770619 1800.5 -17128.825912 -17185.9429609
