2457397.7053 4.48673613055 2457397.70451 4.482053 -252.421 car-20160110T04h44m14s-sci-gtoc-vis.fits 0.515303154259 1100.1 4489.56279323 4483.87563883
2457415.69831 3.30936580995 2457415.69752 3.31349 21.7362 car-20160128T04h35m33s-sci-gtoc-vis.fits 0.51621264304 900.1 3312.8910228 3305.94894103
2457419.70624 2.99516033423 2457419.70545 2.990162 8.86088 car-20160201T04h46m46s-sci-gtoc-vis.fits 0.525269940013 900.2 2999.19304624 2991.41675708
2457421.74512 2.80269047481 2457421.74433 2.797728 3.82887 car-20160203T05h44m05s-sci-gtoc-vis.fits 0.489615048119 800.1 2806.7039753 2798.45160295
2457422.67454 2.77651156275 2457422.67375 2.771544 33.9797 car-20160204T03h56m28s-sci-gtoc-vis.fits 0.5 1500.1 2782.01101162 2770.67948236
2457426.7355 2.39384260242 2457426.73471 2.398387 22.9787 car-20160208T05h25m52s-sci-gtoc-vis.fits 0.5 1300.1 2400.58240487 2386.96745874
2457427.62009 2.39022996521 2457427.6193 2.385313 11.6353 car-20160209T02h38m50s-sci-gtoc-vis.fits 0.5 1400.1 2393.78504075 2386.33435827
2457436.65362 1.57716309118 2457436.65283 1.572372 -0.728396 car-20160218T03h27m39s-sci-gtoc-vis.fits 0.509322216245 1301.3 1582.67356379 1571.63173449
2457440.65442 1.21327191586 2457440.65363 1.208535 0.112474 car-20160222T03h29m44s-sci-gtoc-vis.fits 0.504411299058 1200.1 1218.64369829 1207.81776378
2457441.75447 1.0298503528 2457441.75368 1.025146 11.5156 car-20160223T06h03m03s-sci-gtoc-vis.fits 0.430874462597 116.3 1030.42643751 1029.08926199
2457444.70333 0.802671794947 2457444.70254 0.797998 8.68574 car-20160226T04h43m07s-sci-gtoc-vis.fits 0.533737032871 800.1 807.332157427 798.563898503
2457466.72212 -1.25630981295 2457466.72133 -1.260679 6.07699 car-20160319T05h10m39s-sci-gtoc-vis.fits 0.500232470941 800.1 -1251.76388339 -1260.83076857
2457472.66248 -1.72600299195 2457472.66169 -1.730309 14.2111 car-20160325T03h44m03s-sci-gtoc-vis.fits 0.495648261304 900.1 -1720.92881196 -1731.18208905
2457490.61166 -3.12468552059 2457490.61087 -3.12881 5.27454 car-20160412T02h27m52s-sci-gtoc-vis.fits 0.532263978002 1200.1 -3117.53613299 -3130.99722186
2457495.62368 -3.48596043606 2457495.62289 -3.485914 -6.31196 car-20160417T02h46m34s-sci-gtoc-vis.fits 0.466612782268 1200.1 -3479.67914776 -3493.12514989
2457505.56221 -4.0415893634 2457505.56142 -4.045591 10.5743 car-20160427T01h21m04s-sci-gtoc-vis.fits 0.48703875 800.0 -4037.33199322 -4046.09370492
2457509.61019 -4.30167042829 2457509.6094 -4.305647 -8.56661 car-20160501T02h28m26s-sci-gtoc-vis.fits 0.498196 1000.0 -4296.26415081 -4307.07632254
2457529.5183 -4.96812502981 2457529.51751 -4.973076 11.0532 car-20160521T00h17m30s-sci-gtoc-vis.fits 0.491131111111 900.0 -4963.39289011 -4973.03197563
2457537.58567 -5.16999801881 2457537.58488 -5.1739 9.5613 car-20160529T01h54m34s-sci-gtoc-vis.fits 0.5 900.0 -5165.85844559 -5174.05838328
2457539.49927 -5.11716089794 2457539.49848 -5.123628 6.68087 car-20160530T23h47m42s-sci-gtoc-vis.fits 0.5 1200.0 -5110.82627352 -5123.48782521
2457542.49704 -5.13824883129 2457542.49625 -5.142149 4.17687 car-20160602T23h44m34s-sci-gtoc-vis.fits 0.5 1200.0 -5131.95089118 -5144.5286621
2457550.45987 -5.09811282894 2457550.45908 -5.102723 5.44979 car-20160610T22h51m14s-sci-gtoc-vis.fits 0.5 1200.0 -5091.90432186 -5104.32952595
2457553.45432 -5.06543371523 2457553.45353 -5.070044 -37.3188 car-20160613T22h43m19s-sci-gtoc-vis.fits 0.5 1200.0 -5059.25101693 -5071.61994223
2457555.52508 -5.10021879611 2457555.52429 -5.104838 6.44147 car-20160616T00h20m07s-sci-gtoc-vis.fits 0.504786111111 1800.0 -5091.76458921 -5108.23685666
2457588.41854 -3.82680585007 2457588.41776 -3.839683 nan car-20160718T21h59m26s-sci-gtoc-vis.fits 0.513357923497 366.0 -3825.09140854 -3828.42213994
2457588.42818 -3.83428220872 2457588.42739 -3.847166 -0.544528 car-20160718T22h06m31s-sci-gtoc-vis.fits 0.496265833333 1200.0 -3828.95557379 -3839.57403654
2457589.36561 -3.72692901227 2457589.36748 26.298553 nan car-20160719T20h45m15s-tst-vis.fits 0.5 132.3 -3726.28245276 -3727.5754017
2457755.69196 4.84637752842 2457755.69116 4.841644 0.633974 car-20170102T04h29m49s-sci-gtoc-vis.fits 0.494760185663 581.7 4847.21691263 4845.45697638
2457798.74083 1.79785863 2457798.74003 1.793208 24.0356 car-20170214T05h39m56s-sci-gtoc-vis.fits 0.456874234738 571.7 1800.73999975 1794.41442476
2457799.75445 1.69559249718 2457799.75365 1.690944 13.0589 car-20170215T05h55m10s-sci-gtoc-vis.fits 0.500443509845 1046.2 1701.49566778 1689.66234026
2457801.57067 1.64972864821 2457801.56987 1.645057 nan car-20170217T01h33m11s-sci-gtoc-vis.fits 0.499097155421 727.7 1651.05319378 1648.30157807
2457822.61765 -0.309201738211 2457822.61685 -0.313824 -9.74564 car-20170310T02h39m53s-sci-gtoc-vis.fits 0.4908216598 849.5 -305.321557642 -313.311569599
2457829.67613 -1.00190956842 2457829.67533 -1.006514 21.0317 car-20170317T04h02m35s-sci-gtoc-vis.fits 0.445914308245 1141.3 -996.142324511 -1009.11836128
2457883.50646 -4.59980769253 2457883.50566 -4.604352 4.3616 car-20170509T23h58m10s-sci-gtoc-vis.fits 0.492162256878 1141.4 -4593.97553299 -4605.89881507
2457950.49177 -4.05750126378 2457950.49097 -4.062102 14.2669 car-20170715T23h41m06s-sci-gtoc-vis.fits 0.511247818499 802.2 -4054.63735113 -4060.15537973
2457959.45843 -3.51839335531 2457959.45764 -3.523013 10.2089 car-20170724T22h54m01s-sci-gtoc-vis.fits 0.492237535468 740.1 -3515.75974674 -3521.0401393
2457961.38442 -3.33770037174 2457961.38362 -3.342308 3.20123 car-20170726T21h07m45s-sci-gtoc-vis.fits 0.505796827245 687.1 -3334.46472944 -3340.83671412
2458141.6782 3.65376172442 2458141.6774 3.649025 -3.85315 car-20180123T04h07m12s-sci-gtoc-vis.fits 0.497077472908 867.4 3656.26110599 3651.10690968
2458170.739 1.18648913203 2458170.7382 1.181848 -37.4515 car-20180221T05h32m11s-sci-gtoc-vis.fits 0.495179666959 1141.0 1192.8815545 1179.92767196
2458179.67806 0.408627901553 2458179.67726 0.404009 3.30656 car-20180302T04h04m34s-sci-gtoc-vis.fits 0.486483217948 1141.1 414.499983431 402.328336736
2458188.7253 -0.473490690799 2458188.72449 -0.478077 -8.59424 car-20180311T05h12m35s-sci-gtoc-vis.fits 0.486536978619 1141.2 -467.094275157 -480.229583606
2458212.60264 -2.45852657709 2458212.60184 -2.463064 10.33 car-20180404T02h15m58s-sci-gtoc-vis.fits 0.495435506484 1141.2 -2452.42680091 -2464.81639599
2458213.61545 -2.55016042819 2458213.61465 -2.554693 6.55198 car-20180405T02h35m22s-sci-gtoc-vis.fits 0.445614649961 1141.3 -2544.52764683 -2557.22665228
2458238.60195 -4.21379046265 2458238.60115 -4.218283 7.9126 car-20180430T02h15m07s-sci-gtoc-vis.fits 0.509890466176 1141.2 -4207.39461383 -4219.90672393
2458245.62736 -4.57443551042 2458245.62655 -4.57892 3.12979 car-20180507T02h57m21s-sci-gtoc-vis.fits 0.522434169604 482.3 -4571.88455394 -4576.75044542
2458245.67357 -4.61175072179 2458245.67276 -4.616229 3.21734 car-20180507T03h58m24s-sci-gtoc-vis.fits 0.534750873322 1087.8 -4606.73578531 -4615.97833134
2458294.49002 -4.89946160452 2458294.48922 -4.903976 8.29989 car-20180624T23h37m06s-sci-gtoc-vis.fits 0.512009122502 920.8 -4895.02493183 -4903.62958634
2458295.44796 -4.83740127542 2458295.44716 -4.841912 3.65856 car-20180625T22h37m48s-sci-gtoc-vis.fits 0.485139500734 817.2 -4833.42078422 -4841.60641637
2458302.66135 -4.71450096596 2458302.66055 -4.719023 -0.419831 car-20180703T03h41m43s-sci-gtoc-vis.fits 0.533203083932 1141.4 -4714.89019713 -4713.92812531
2458317.5133 -3.97360068908 2458317.5125 -3.978176 5.41099 car-20180718T00h11m22s-sci-gtoc-vis.fits 0.399629207574 1140.8 -3971.01760782 -3977.23965788
2458321.416 -3.68077521928 2458321.4152 -3.68535 3.09143 car-20180721T21h50m02s-sci-gtoc-vis.fits 0.467526504863 1141.3 -3675.95398648 -3686.16396846
2458323.41238 -3.55801807545 2458323.41158 -3.562599 2.69345 car-20180723T21h44m31s-sci-gtoc-vis.fits 0.485252038222 1140.7 -3553.05188153 -3563.18488772
2458511.75267 3.25507099096 2458511.75187 3.250328 9.17122 car-20190128T05h51m53s-sci-gtoc-vis.fits 0.50657097847 1142.6 3260.7991118 3249.3715288
2458534.70074 1.33891012287 2458534.69994 1.334259 13.2106 car-20190220T04h37m13s-sci-gtoc-vis.fits 0.488673737728 1140.8 1344.71135717 1332.73154145
2458539.56387 0.978322871983 2458539.56307 0.973682 0.865701 car-20190225T01h19m08s-sci-gtoc-vis.fits 0.539505783386 1141.2 981.059463318 975.771905288
2458544.73751 0.379024528116 2458544.73671 0.374421 -3.74542 car-20190302T05h30m28s-sci-gtoc-vis.fits 0.50334519573 1067.8 385.215815831 372.907331735
2458564.67688 -1.40616300851 2458564.67608 -1.410693 4.20336 car-20190322T04h02m06s-sci-gtoc-vis.fits 0.528994565217 1140.8 -1399.2709149 -1412.31761948
2458681.3921 -3.95359901278 2458681.39131 -3.958122 1.78238 car-20190716T21h18m43s-sci-gtoc-vis.fits 0.500100965759 683.4 -3950.27165444 -3956.91141473
2458684.52252 -3.87772422034 2458684.52172 -3.882269 -0.725816 car-20190720T00h22m11s-sci-gtoc-vis.fits 0.530708212814 1140.9 -3874.72911823 -3880.17329882
2458686.57091 -3.77434352728 2458686.57011 -3.778893 0.0465265 car-20190722T01h32m16s-sci-gtoc-vis.fits 0.510959684487 1141.0 -3773.38133689 -3775.02637788
2458688.41479 -3.57912487467 2458688.41399 -3.583678 3.41457 car-20190723T21h50m55s-sci-gtoc-vis.fits 0.502002923977 752.4 -3575.7574151 -3582.42184017
2458690.411 -3.45440719407 2458690.4102 -3.458971 3.2853 car-20190725T21h45m24s-sci-gtoc-vis.fits 0.523212187457 731.9 -3451.01920561 -3457.45416625
2458693.35434 -3.21857218196 2458693.35354 -3.22314 7.40847 car-20190728T20h22m56s-sci-gtoc-vis.fits 0.520666270784 842.0 -3214.34853231 -3222.44476185
2458695.3564 -3.08802482545 2458695.3556 -3.092601 2.79305 car-20190730T20h26m04s-sci-gtoc-vis.fits 0.504120750293 853.0 -3083.92099987 -3092.03823851
2458697.37696 -2.96785928262 2458697.37616 -2.972449 5.28451 car-20190801T20h56m39s-sci-gtoc-vis.fits 0.486625798878 766.7 -2964.46030167 -2971.40722687
2458699.45974 -2.88084220071 2458699.45894 -2.885453 6.3963 car-20190803T22h54m09s-sci-gtoc-vis.fits 0.523694554238 910.8 -2878.03810953 -2883.27535427
2458701.35919 -2.66911024291 2458701.35839 -2.673716 4.42334 car-20190805T20h27m54s-sci-gtoc-vis.fits 0.532614950635 1063.5 -2663.88556525 -2673.63738253
2458704.38813 -2.46952765626 2458704.38733 -2.474154 2.44454 car-20190808T21h10m56s-sci-gtoc-vis.fits 0.493685598377 986.0 -2465.50547593 -2473.55838643
2458706.38417 -2.3160223358 2458706.38337 -2.320654 2.79135 car-20190810T21h04m19s-sci-gtoc-vis.fits 0.498297852817 1089.8 -2311.56295757 -2320.3961483
2458708.38675 -2.16488794718 2458708.38594 -2.169529 nan car-20190812T21h08m36s-sci-gtoc-vis.fits 0.471279015999 1081.3 -2160.85209143 -2169.28491505
2458710.34594 -1.98061729265 2458710.34514 -1.985263 5.3427 car-20190814T20h11m21s-sci-gtoc-vis.fits 0.53720409469 781.5 -1976.87206396 -1983.80557239
2458712.34031 -1.81980295873 2458712.33951 -1.824456 -2.25732 car-20190816T20h01m45s-sci-gtoc-vis.fits 0.518666125266 985.1 -1815.24328961 -1823.97138482
2458714.35797 -1.67413512308 2458714.35717 -1.678803 2.55742 car-20190818T20h30m06s-sci-gtoc-vis.fits 0.508352195564 662.7 -1671.35107772 -1676.78759841
2458724.33544 -0.832388722641 2458724.33463 -0.837103 4.65686 car-20190828T19h57m42s-sci-gtoc-vis.fits 0.516143010259 653.1 -829.675481716 -834.89187358
2458727.37459 -0.598421457511 2458727.37379 -0.60316 3.10279 car-20190831T20h53m45s-sci-gtoc-vis.fits 0.46931147541 762.5 -596.239357388 -600.801372178
2458733.38849 -0.0831919115284 2458733.3877 -0.08796 4.46587 car-20190906T21h10m21s-sci-gtoc-vis.fits 0.493799088359 1140.8 -80.6133128818 -85.6199034276
2458737.3348 0.288377416054 2458737.33399 0.283601 8.55487 car-20190910T19h53m12s-sci-gtoc-vis.fits 0.484543222865 1140.6 292.099648201 284.593885011
2458742.348 0.71059329573 2458742.3472 0.705791 1.34828 car-20190915T20h14m16s-sci-gtoc-vis.fits 0.525479955866 815.7 712.91174911 708.596048002
2458744.32598 0.89223189685 2458744.32518 0.887423 2.18553 car-20190917T19h42m46s-sci-gtoc-vis.fits 0.509358911498 815.8 894.823153269 889.827233028
2458746.40484 1.03747616212 2458746.40404 1.032646 8.30938 car-20190919T21h31m59s-sci-gtoc-vis.fits 0.592374189023 1140.6 1038.49192929 1036.97472584
2458757.34707 1.97842112129 2458757.34627 1.973548 3.76515 car-20190930T20h10m51s-sci-gtoc-vis.fits 0.478992988606 1141.0 1980.18857611 1976.73809897
2458759.32237 2.14844095294 2458759.32157 2.143564 5.21847 car-20191002T19h34m40s-sci-gtoc-vis.fits 0.510286490275 1141.4 2150.99975061 2146.1974598
2458761.30645 2.31345364716 2458761.30565 2.308572 2.11058 car-20191004T19h11m53s-sci-gtoc-vis.fits 0.5017585693 1140.7 2316.31038881 2310.82407015
2458763.3091 2.46798365734 2458763.3083 2.463095 0.653436 car-20191006T19h16m36s-sci-gtoc-vis.fits 0.5320139817 972.7 2470.33479753 2466.06137484
2458765.30275 2.62284417256 2458765.30195 2.61795 2.49041 car-20191008T19h09m30s-sci-gtoc-vis.fits 0.507215696399 774.7 2624.64108021 2621.19558776
2458771.32334 3.05605224197 2458771.32254 3.051134 -1.05856 car-20191014T19h36m22s-sci-gtoc-vis.fits 0.48644615789 1141.3 3057.42945246 3054.84225925
2458773.28172 3.20822053396 2458773.28092 3.203302 2.99683 car-20191016T18h39m52s-sci-gtoc-vis.fits 0.470721845319 737.0 3209.81345285 3206.52427719
2458775.35193 3.3323138099 2458775.35113 3.327378 -1.95871 car-20191018T20h16m34s-sci-gtoc-vis.fits 0.533779451695 1141.7 3332.30849018 3332.55016402
2458777.29995 3.47249948162 2458777.29915 3.467566 -15.0592 car-20191020T19h02m43s-sci-gtoc-vis.fits 0.479419134396 1141.4 3474.1268216 3470.97615092
2458782.28135 3.79574467737 2458782.28055 3.790799 -0.531673 car-20191025T18h36m23s-sci-gtoc-vis.fits 0.518348448206 992.4 3797.4554711 3794.32331731
2458784.27869 3.91630435865 2458784.27788 3.911355 -8.53677 car-20191027T18h33m42s-sci-gtoc-vis.fits 0.510936130966 867.4 3917.70458305 3915.09554864
2458786.29578 4.02790787297 2458786.29498 4.02295 4.39947 car-20191029T18h55m25s-sci-gtoc-vis.fits 0.538261783774 1141.4 4029.03700718 4027.16340208
