2457787.65347 1.2495980013059005 0.017122322755694936 1.1542747331240935 0.018823427005009656 0.9867911719542639 0.016607913838575957
2457823.61583 0.9639944433899801 0.005058535295229743 0.9182013141138654 0.005339869534638112 0.764304449643382 0.004588993831754435
2457851.58905 1.0963030059645285 0.007015306679689028 1.0383832131493924 0.007644509315263081 0.8219348249767762 0.006280886480248201
2457896.44823 0.9940617301408812 0.004812696150165684 0.9688552568674508 0.0054277727395089645 0.7662627849178715 0.004381412406798262
2457931.47371 0.9639087068996393 0.008270737340314874 0.9337712258637616 0.009582964594103799 0.724899022229002 0.007803976210535007
2457955.38568 0.9975296837714575 0.007309989684793507 0.9948377116495821 0.008377792495138427 0.7610933186578864 0.006710341287953648
2457959.39323 0.9509193756800731 0.005069918003553029 0.9284422031269419 0.0056426924161937664 0.7250275511861901 0.004612840096170549
2458292.41965 0.9283936961940172 0.008889057901542388 0.8986865710968835 0.010372060271608158 0.7264124432851268 0.008744396407036848
2458292.46447 0.9570154942608575 0.00997036125794726 0.9260894150215522 0.011439015960523841 0.7343024513036527 0.009415706710060867
2458299.417 1.0928138918769188 0.007737572790865213 1.0789388751643458 0.008659579814333422 0.8346680156704137 0.006917506524481365
2458299.46359 1.031613678689623 0.006584997508603587 1.02559572184301 0.007545388401802879 0.7863222339176874 0.0060669446119008315
2458309.39412 0.9858315298314416 0.00495703971231176 0.9473566370935347 0.005455861960586302 0.7467006180768957 0.004491252092282807
2458309.47147 0.9679620026359722 0.005435254942953846 0.9246138087870442 0.005952985940102176 0.7196622130968968 0.004849778323038567
2458314.416 0.95768887962876 0.009847843673916844 0.9219915396895089 0.011514216661429053 0.7010828273962051 0.009310078118612614
2458319.36923 0.8747412811725371 0.011774831017934407 0.8708460260774624 0.014204187325897425 0.6729587121898725 0.01167994761487928
2458325.36718 0.9977903263454604 0.006107142657535009 0.9638876596227907 0.006709741529425314 0.7451913975562892 0.005407970964547831
2458330.36506 0.9842745846683177 0.00521659569472154 0.9610778569698829 0.00582086596648503 0.7574189517629532 0.00475759580380742
2458336.35977 1.004298014317018 0.0066703195065170254 0.9767132430947424 0.007518354963536867 0.7550085874710797 0.0060052190303117575
2458342.36171 0.9513672854768884 0.007580810857255391 0.920926718450396 0.008699170091873792 0.711873597194526 0.007006026162900622
2458348.34941 0.9643226886408659 0.0068042601528080955 0.9424366745090589 0.0077077098830322975 0.7340000799913919 0.006304471193945563
2458462.75321 0.9457849255983186 0.00575376106403397 0.8648663611749058 0.006140153505164908 0.7377740606254274 0.005354852423788313
2458468.74509 0.9643946604904137 0.012805791643777651 0.8741556216009698 0.014186789257746796 0.7576186937727211 0.012404300569460267
2458476.71752 0.9930609242996106 0.012420515695099929 0.9233787301641918 0.013542064791616223 0.7805550243274211 0.011823469684738151
2458485.69751 0.9828736297105652 0.008282871952281196 0.9167389934977539 0.008995037325511176 0.7545573357474962 0.0078056304193240365
2458490.68577 0.9765287866551458 0.007060428291836718 0.9113403602405215 0.007584665039990153 0.7522449866052444 0.006571218169468311
2458495.6972 1.008389722251764 0.007913297510190629 0.9534614814218657 0.008614542825154343 0.8064076295024903 0.007502829192473017
2458500.70547 0.9819302553413436 0.010573605805751937 0.93886465073322 0.011590198607212098 0.7844386753200655 0.00992204139182074
2458509.72208 0.9464530045485341 0.00625535839664643 0.8931986790385377 0.00669242796674478 0.7358075918032883 0.005815477360487568
2458518.69393 0.9636567516627481 0.009396771118120343 0.8972466550513877 0.010248366638788349 0.748646449524735 0.008996094019361928
2458518.76145 0.9936954469684478 0.009869358763323757 0.9313419770619747 0.010869892257006505 0.7574710491007502 0.009294979536876106
2458524.72892 0.9608796211207739 0.007764272153458328 0.8913762382182236 0.008356608932006524 0.7574683366982996 0.007211639253961598
2458529.71613 0.9736770766078356 0.004926495522219997 0.9225257855651037 0.005233540516011788 0.7577062945022632 0.004402908692349359
2458535.70563 1.01197744439035 0.0055924239664168676 0.9362513314610836 0.005803823284616896 0.7712167601517979 0.004955076084850853
2458541.66677 0.9636084857365343 0.0066885697701717225 0.9089423355544872 0.0070880497213768765 0.7379465508866903 0.006007574907310026
2458546.67966 1.0168668067345232 0.012560169185255928 0.9605056096679521 0.014038711282090553 0.8120011676699449 0.012074069683356038
2458553.64943 0.9649893891375648 0.005227166355238295 0.9065478184452556 0.005470092372127546 0.7425387808178809 0.004617685461643162
2458559.66963 0.9523841366936073 0.006317033545294857 0.8944053558996423 0.006695645502941137 0.7387854476843676 0.005694403996069881
2458575.62824 1.0111171658369977 0.013041951985605791 0.9194277181927842 0.014821105352623728 0.7356031492509935 0.012154869338639513
2458587.56368 1.006087762041871 0.006319154215680674 0.9634571759080944 0.007001659576820378 0.7623097337095174 0.0055630992669609015
2458602.51973 1.0064596875341085 0.00607846813382293 0.9794526628578034 0.0066449425268276146 0.7639794741768501 0.005411778619557078
2458608.57155 1.0075146071421344 0.006639503813275601 0.9992610816296881 0.007464148163749239 0.7788770480389499 0.006006817477178713
2458614.51578 1.0634850544168577 0.005639005961970736 1.04730140653559 0.006262601047005071 0.813055745637784 0.005073015424303793
2458619.47584 0.9596708742904336 0.007040695466041335 0.9314507292955374 0.007916141850807013 0.746526022298321 0.006592851520667552
2458626.51197 0.9717595555331999 0.0057198628332342325 0.9366941105394211 0.006287430907393339 0.7378352352221893 0.005185850007898956
2458631.49057 0.9573122567128303 0.0073543964924601135 0.9018051949068674 0.008119369355068852 0.7191457575179836 0.006641845969385896
2458636.45908 0.9939273240634066 0.0057591517846085445 0.9481409280770893 0.006434638686477134 0.7366850740576688 0.005220905286828441
2458641.44986 0.9679422790188427 0.005926710894129641 0.9263232113032417 0.0064410831878699525 0.7399346255376983 0.005293247837663256
2458646.39622 0.9509352299819529 0.008196643111468765 0.8989318047345018 0.009253451499823128 0.7075000087671384 0.0076193331163809256
2458655.54755 1.0208970986419295 0.007627577252668285 0.9953529587598351 0.00870170039237005 0.7691872031763015 0.0070030760310875444
2458660.38037 0.9693215199306966 0.006013794238498786 0.9351919369681101 0.006739948102762238 0.7494839578214129 0.0056671629935703665
2458666.39527 1.0124610235093618 0.005774695923538906 0.9710448751224269 0.006403241727733318 0.7628376158103521 0.005221360855935759
2458678.39604 0.9849034344586703 0.008816262071081476 1.0044089055377612 0.01047492080487904 0.7807692521397196 0.008700662968576812
2458683.37452 0.9521354917924549 0.005475181366811974 0.9008557934430069 0.005958385749138188 0.7183684330039328 0.004901219590439128
2458688.37453 0.9815555956376623 0.006644106672076446 0.9391142466903682 0.007465623215354256 0.7369176391247844 0.006096727137453978
2458690.39047 1.0563440814671483 0.0059415817368496 1.0319419774863534 0.006651778201267239 0.8049486237674268 0.005419890613122905
2458695.38065 0.9403415922301291 0.008315217584520154 0.9268228784137682 0.009757852906370188 0.726458368811873 0.00800855684696325
2458700.3663 1.0013698514533724 0.0062919795495207905 0.9815034755619048 0.006998315635958934 0.7616251856019614 0.005657464001185902
2458706.363 0.938007171949763 0.008010883787316707 0.9065945906821855 0.00913918842722485 0.705945538035283 0.007421864000290132
2458713.34735 0.9732095299150587 0.008054781588752247 0.9450633856503845 0.009247788634641716 0.738733838844091 0.0075315277930629605
