2457505.676 26.3363109314 2457505.67521 26.331699 14.5057 car-20160427T04h04m27s-sci-gtoc-vis.fits 0.4844225 800.0 26346.5641718 26325.2974745
2457535.63175 20.5681399058 2457535.63096 20.563657 13.5484 car-20160527T02h56m23s-sci-gtoc-vis.fits 0.490847777778 900.0 20581.4296254 20554.3165914
2457541.66934 18.6238395853 2457541.66855 18.619392 -34.4538 car-20160602T03h50m39s-sci-gtoc-vis.fits 0.5 800.0 18635.8213749 18611.9335715
2457553.63675 14.4393813452 2457553.63596 14.434933 -38.2959 car-20160614T03h01m05s-sci-gtoc-vis.fits 0.5 1000.0 14454.6982571 14424.1813985
2457556.62801 13.3048756449 2457556.62684 20.737315 22.0912 car-20160617T02h44m06s-sci-gtoc-vis.fits 0.501749333333 1500.0 13328.0759784 13282.094605
2457597.48211 -4.16023443962 2457597.48118 -6.277958 -7.72263 car-20160727T23h24m56s-sci-gtoc-vis.fits 0.54558401084 73.8 -4158.94256917 -4161.31039169
2457629.40535 -17.1411306565 2457629.40456 -17.145667 3.72345 car-20160828T21h35m45s-sci-gtoc-vis.fits 0.492832355407 119.3 -17139.3123891 -17143.001157
2457647.34778 -22.5388433688 2457647.34699 -22.543394 3.58827 car-20160915T20h12m03s-sci-gtoc-vis.fits 0.511774154295 410.9 -22532.5753275 -22544.8191911
2457854.69856 26.7305472385 2457854.69775 26.7259 5.24783 car-20170411T04h39m36s-sci-gtoc-vis.fits 0.509794173069 689.9 26738.8887879 26722.4274112
2457856.68543 26.813915005 2457856.68463 26.809268 2.45786 car-20170413T04h21m13s-sci-gtoc-vis.fits 0.509916555407 599.2 26821.0314267 26806.9932545
2457867.61721 26.7235357297 2457867.61641 26.718909 -5.25675 car-20170424T02h39m43s-sci-gtoc-vis.fits 0.518910743184 803.3 26731.9952377 26715.4865586
2457875.61381 25.9639685965 2457875.61301 25.959376 5.26238 car-20170502T02h34m43s-sci-gtoc-vis.fits 0.489348499125 742.9 25972.332978 25955.0770944
2457883.57936 24.797551409 2457883.57855 24.79298 3.9085 car-20170510T01h40m21s-sci-gtoc-vis.fits 0.618348863993 955.1 24810.575534 24789.2875082
2457887.66497 23.8231143672 2457887.66417 23.818564 2.3921 car-20170514T03h44m24s-sci-gtoc-vis.fits 0.540462536626 955.6 23838.1382675 23810.295319
2457890.58936 23.3528212955 2457890.58856 23.348264 3.75682 car-20170517T01h59m11s-sci-gtoc-vis.fits 0.504511661808 548.8 23359.9227475 23345.7722916
2457896.56642 21.9270522141 2457896.56561 21.922514 4.55877 car-20170523T01h24m47s-sci-gtoc-vis.fits 0.511610372979 624.7 21935.1855953 21919.1856829
2457911.53886 17.3410103275 2457911.53806 17.3365 11.9213 car-20170607T00h44m36s-sci-gtoc-vis.fits 0.498758219049 532.3 17348.3121218 17333.6053925
2457912.50735 17.0644302083 2457912.50655 17.059922 7.81536 car-20170607T23h57m42s-sci-gtoc-vis.fits 0.526267563528 669.0 17073.1399533 17056.4586453
2457914.58117 16.173564112 2457914.58037 16.169055 13.1378 car-20170610T01h42m09s-sci-gtoc-vis.fits 0.514737678855 880.6 16187.4034297 16160.4502201
2457922.5861 13.145600838 2457922.5853 13.141102 4.5307 car-20170618T01h51m14s-sci-gtoc-vis.fits 0.526822807018 570.0 13155.0404434 13137.1200073
2457937.49501 7.10909965573 2457937.4942 7.10462 12.4305 car-20170702T23h38m50s-sci-gtoc-vis.fits 0.486021457966 680.4 7119.13046004 7098.4152128
2457939.5276 6.14658760504 2457939.5268 6.142109 15.3608 car-20170705T00h23m19s-sci-gtoc-vis.fits 0.496251177394 955.5 6161.66442947 6131.2402758
2457946.41691 3.3335132051 2457946.41611 3.329033 23.4426 car-20170711T21h42m57s-sci-gtoc-vis.fits 0.548089205319 955.1 3347.0543251 3322.09516758
2457948.53223 2.13596509543 2457948.53143 2.131486 9.04847 car-20170714T00h31m30s-sci-gtoc-vis.fits 0.494744457719 753.3 2147.89551422 2123.80615164
2457962.46588 -4.02331102631 2457962.46508 -4.027803 6.74874 car-20170727T22h57m46s-sci-gtoc-vis.fits 0.487139475601 549.2 -4014.76091278 -4032.32594956
2458031.35095 -26.1505847279 2458031.35015 -26.155228 nan car-20171004T20h15m55s-sci-gtoc-vis.fits 0.496820062048 773.6 -26140.4616919 -26160.7222025
2458034.40874 -26.6014521305 2458034.40794 -26.606107 -33.0286 car-20171007T21h38m18s-sci-gtoc-vis.fits 0.488482942431 938.0 -26592.3369135 -26610.6744825
2458043.31522 -27.0242439378 2458043.31442 -27.028921 nan car-20171016T19h28m17s-sci-gtoc-vis.fits 0.504561439378 489.1 -27017.9864473 -27030.3442699
2458238.63201 26.1798273064 2458238.63121 26.175211 7.24417 car-20180430T02h58m58s-sci-gtoc-vis.fits 0.522132314456 955.3 26191.740392 26168.6989455
2458261.61649 21.8572032529 2458261.61568 21.852629 10.4711 car-20180523T02h37m44s-sci-gtoc-vis.fits 0.283922513089 955.0 21865.0592868 21837.2271918
2458262.59375 21.6432465541 2458262.59295 21.63866 5.50338 car-20180524T02h03m28s-sci-gtoc-vis.fits 0.372893029098 955.4 21653.1754681 21626.3366653
2458269.59754 19.5956136722 2458269.59674 19.59104 5.41198 car-20180531T02h09m35s-sci-gtoc-vis.fits 0.497530196503 554.7 19603.772504 19587.3360917
2458294.5247 10.5561696893 2458294.5239 10.551599 9.25753 car-20180625T00h21m53s-sci-gtoc-vis.fits 0.504258006315 665.1 10566.3951052 10546.0557661
2458295.5111 10.1759441337 2458295.5103 10.171376 4.26923 car-20180626T00h03m26s-sci-gtoc-vis.fits 0.505676245211 522.0 10183.8458203 10168.1736213
2458302.56283 7.05556234051 2458302.56203 7.050997 0.229173 car-20180703T01h15m59s-sci-gtoc-vis.fits 0.52571945047 691.5 7067.13546818 7045.14113223
2458306.58568 5.23973915221 2458306.58488 5.235176 -2.26954 car-20180707T01h46m10s-sci-gtoc-vis.fits 0.544073298429 955.0 5255.81902727 5226.38476173
2458315.56946 1.23327729297 2458315.56866 1.228699 1.22419 car-20180716T01h23m42s-sci-gtoc-vis.fits 0.478461296742 954.7 1247.26882508 1218.18803662
2458321.48607 -1.25553023571 2458321.48527 -1.260114 4.58946 car-20180721T23h28m02s-sci-gtoc-vis.fits 0.201360971524 955.2 -1249.36932085 -1280.00520846
2458343.40459 -10.7133461272 2458343.40379 -10.717938 5.06808 car-20180812T21h34m21s-tst-vis.fits 0.584894230769 20.8 -10712.9665134 -10713.6155779
2458343.40625 -10.7178108778 2458343.40545 -10.722404 3.36176 car-20180812T21h36m44s-tst-vis.fits 0.571438679245 21.2 -10717.4322008 -10718.0949089
2458343.40874 -10.7245384984 2458343.40793 -10.729134 4.57948 car-20180812T21h39m29s-tst-vis.fits 0.534534883721 116.1 -10722.5943955 -10726.2324691
2458343.41424 -10.7394702404 2458343.41344 -10.744072 3.82725 car-20180812T21h42m42s-sci-gtoc-vis.fits 0.505792333676 680.9 -10728.6446891 -10750.0793571
2458345.37981 -11.4805677755 2458345.37901 -11.48516 2.74309 car-20180814T20h54m00s-sci-gtoc-vis.fits 0.519512110124 573.9 -11471.569047 -11488.939883
2458351.37501 -13.8760517934 2458351.37421 -13.880651 1.49757 car-20180820T20h44m06s-sci-gtoc-vis.fits 0.52331692501 954.8 -13860.8386838 -13890.014357
2458542.74538 18.3387225695 2458542.74458 18.334052 5.90076 car-20190228T05h49m50s-sci-gtoc-vis.fits 0.504990898383 933.9 18344.9575599 18332.28909
2458560.7066 23.5141340803 2458560.7058 23.509488 6.05335 car-20190318T04h51m13s-sci-gtoc-vis.fits 0.555795371243 954.9 23522.4944981 23507.1651233
2458589.69262 26.8312402704 2458589.69182 26.826622 9.48662 car-20190416T04h30m05s-sci-gtoc-vis.fits 0.503592478997 749.9 26840.5164404 26821.9876539
2458597.68296 26.6102961324 2458597.68215 26.605679 17.0542 car-20190424T04h13m32s-sci-gtoc-vis.fits 0.496215197823 955.4 26622.5884318 26597.667654
2458599.68541 26.4705699354 2458599.68461 26.465958 6.74488 car-20190426T04h16m28s-sci-gtoc-vis.fits 0.518622892449 954.9 26483.7042752 26458.2565622
2458603.65521 26.1793670055 2458603.65441 26.174743 4.93256 car-20190430T03h34m09s-sci-gtoc-vis.fits 0.499584547182 789.5 26189.5142635 26169.0805834
2458604.67422 26.0262964067 2458604.67341 26.021683 0.546768 car-20190501T04h03m27s-sci-gtoc-vis.fits 0.509656079684 532.1 26033.6548969 26019.1798099
2458609.64338 25.4335060518 2458609.64258 25.428883 -13.7851 car-20190506T03h14m45s-sci-gtoc-vis.fits 0.515482621441 955.2 25446.5572249 25421.0754688
2458619.60134 23.6550233409 2458619.60054 23.650397 17.5479 car-20190516T02h16m16s-sci-gtoc-vis.fits 0.488683565004 611.5 23662.8608688 23646.7356476
2458621.53702 23.3370328272 2458621.53622 23.332404 0.787316 car-20190518T00h41m51s-sci-gtoc-vis.fits 0.412451822371 954.8 23344.9203804 23325.4010694
