2457397.65916 22.8276482633 2457397.65837 22.823027 -230.498 car-20160110T03h38m16s-sci-gtoc-vis.fits 0.454794200967 600.1 22836.0914483 22817.5430715
2457398.62984 22.5539422802 2457398.62905 22.549323 -252.704 car-20160111T02h54m12s-sci-gtoc-vis.fits 0.539924296529 700.1 22565.6478944 22543.9488161
2457401.64971 21.4003487905 2457401.64892 21.39575 57.9248 car-20160114T03h22m54s-sci-gtoc-vis.fits 0.505180688473 700.1 21411.4030487 21389.5430428
2457410.62274 17.8490817282 2457410.62195 17.844504 15.0093 car-20160123T02h43m48s-sci-gtoc-vis.fits 0.530639893351 600.1 17859.2263202 17840.1206153
2457411.71545 17.1827839299 2457411.71466 17.178232 20.2667 car-20160124T04h57m31s-sci-gtoc-vis.fits 0.500054990835 600.1 17190.658684 17175.0216431
2457411.72285 17.1663829537 2457411.72206 17.161825 20.4941 car-20160124T05h08m10s-sci-gtoc-vis.fits 0.499569123274 601.1 17174.023463 17158.8468495
2457418.62058 14.2877843188 2457418.61979 14.283238 11.6309 car-20160131T02h39m46s-sci-gtoc-vis.fits 0.560026662223 600.1 14298.5095429 14279.388111
2457421.54543 13.0812344886 2457421.54464 13.07669 3.65752 car-20160203T00h52m17s-sci-gtoc-vis.fits 0.510050899836 550.1 13090.1418364 13072.644996
2457423.60802 11.9404395261 2457423.60723 11.935906 11.7281 car-20160205T02h11m58s-sci-gtoc-vis.fits 0.5 1800.1 11969.451697 11911.7438252
2457430.60577 8.45047176851 2457430.60498 8.445959 22.474 car-20160212T02h15m53s-sci-gtoc-vis.fits 0.5 900.1 8464.76261262 8436.30062331
2457444.57003 1.31590191945 2457444.56924 1.311412 11.6228 car-20160226T01h25m22s-sci-gtoc-vis.fits 0.532632481074 700.1 1327.74530695 1305.58025864
2457490.40861 -19.9652443541 2457490.40782 -19.96978 4.21933 car-20160411T21h34m41s-sci-gtoc-vis.fits 0.496169228846 800.1 -19952.873515 -19977.7735013
2457494.38738 -21.3397340129 2457494.38659 -21.344263 5.43289 car-20160415T21h03m05s-sci-gtoc-vis.fits 0.603190851144 800.1 -21324.7982002 -21349.5506056
2457509.35041 -25.6620089922 2457509.34255 18.806032 -0.243242 car-20160430T20h12m56s-sci-gtoc-vis.fits 0.49923625 800.0 -25650.1307973 -25673.9006986
2457512.405 -26.4916418097 2457512.40421 -26.496183 5.86618 car-20160503T21h33m54s-sci-gtoc-vis.fits 0.467676666667 600.0 -26484.1442676 -26500.0900654
2457539.34329 -29.2731715216 2457539.3425 -29.277744 2.53354 car-20160530T20h08m22s-sci-gtoc-vis.fits 0.5 600.0 -29266.2731488 -29279.9754182
2457541.35847 -29.2839750077 2457541.35615 27.882305 -37.3254 car-20160601T20h30m30s-sci-gtoc-vis.fits 0.5 600.0 -29277.751233 -29290.0854426
2457543.34985 -29.2152259131 2457543.34906 -29.219809 1.80694 car-20160603T20h18m22s-sci-gtoc-vis.fits 0.5 600.0 -29208.9696625 -29221.3713937
2457760.61555 23.6929099434 2457760.61475 23.688284 11.2952 car-20170107T02h38m34s-sci-gtoc-vis.fits 0.5098138833 198.8 23695.9600397 23689.972945
2457761.64896 23.2693028059 2457761.64816 23.264687 8.5497 car-20170108T03h27m12s-sci-gtoc-vis.fits 0.505540996785 124.4 23271.2458742 23267.402321
2457761.67485 23.2004545293 2457761.67405 23.195852 11.3454 car-20170108T04h04m19s-sci-gtoc-vis.fits 0.516511727079 140.7 23202.675073 23198.3774764
2457762.59202 23.0772976862 2457762.59121 23.072733 3.84848 car-20170109T02h04m46s-sci-gtoc-vis.fits 0.507434008594 162.9 23079.7249393 23074.9372116
2457779.544 16.4500765695 2457779.54314 16.650389 0.426171 car-20170126T00h52m24s-sci-gtoc-vis.fits 0.50825248227 352.5 16455.517552 16444.7910135
2457790.5886 11.123845242 2457790.58781 11.119302 15.7793 car-20170206T01h45m20s-sci-gtoc-vis.fits 0.54143532388 1502.1 11150.3436967 11101.5082183
2457791.49801 10.8812205957 2457791.49721 10.876954 9.00279 car-20170206T23h44m25s-sci-gtoc-vis.fits 0.519147591018 458.7 10888.3487299 10874.5751054
2457793.48012 9.93595390657 2457793.47932 9.931684 8.4787 car-20170208T23h17m45s-sci-gtoc-vis.fits 0.476616253947 601.7 9944.25616552 9926.74333331
2457798.48643 7.40226153035 2457798.48563 7.397804 15.017 car-20170213T23h28m56s-sci-gtoc-vis.fits 0.50920890411 292.0 7406.82253781 7397.84938441
2457800.47002 6.42251370101 2457800.46922 6.418059 3.55895 car-20170215T23h05m35s-sci-gtoc-vis.fits 0.438668264293 292.1 6426.34933248 6417.58416661
2457801.59347 5.5644666567 2457801.59266 5.559958 nan car-20170217T02h03m33s-sci-gtoc-vis.fits 0.440472868217 258.0 5568.05439468 5559.92094088
2457806.61124 2.91798535449 2457806.61043 2.913484 8.86755 car-20170222T02h26m03s-sci-gtoc-vis.fits 0.502747894827 581.9 2926.63696261 2909.51113484
2457828.46824 -8.04308088905 2457828.46744 -8.047556 -4.79287 car-20170315T23h00m08s-sci-gtoc-vis.fits 0.531133665921 581.3 -8032.98142795 -8051.99629289
2457829.40863 -8.37244356918 2457829.40783 -8.376915 8.04876 car-20170316T21h34m29s-sci-gtoc-vis.fits 0.51555823155 581.3 -8363.19061725 -8381.19453279
2457855.38365 -19.7756738893 2457855.38285 -19.780158 0.315912 car-20170411T21h00m00s-sci-gtoc-vis.fits 0.547115615874 582.1 -19765.7341938 -19783.9107673
2457859.37619 -21.1991363201 2457859.37539 -21.203618 -1.02209 car-20170415T20h50m59s-sci-gtoc-vis.fits 0.506687898089 471.0 -21191.7422669 -21206.3390205
2457861.44875 -22.0730588026 2457861.44795 -22.077564 4.47083 car-20170417T22h36m23s-sci-gtoc-vis.fits 0.502768245839 390.5 -22067.5267305 -22078.496963
2457862.416 -22.323966928 2457862.41519 -22.328461 3.31768 car-20170418T21h46m23s-sci-gtoc-vis.fits 0.409459340659 910.0 -22312.8175391 -22339.9173671
2457894.36452 -28.9062630743 2457894.36371 -28.910819 -2.66042 car-20170520T20h38m14s-sci-gtoc-vis.fits 0.499147393179 510.2 -28899.994084 -28912.490465
2458064.74506 27.5405139397 2458064.74426 27.535731 2.17812 car-20171107T05h49m50s-sci-gtoc-vis.fits 0.537103270224 581.0 27547.3891225 27534.5242393
2458089.67113 30.0683030687 2458089.67033 30.063586 7.05092 car-20171202T04h00m08s-sci-gtoc-vis.fits 0.512208261618 581.0 30075.4443415 30061.4270061
2458091.62568 30.1040224199 2458091.62488 30.099296 -1.81491 car-20171204T02h56m19s-sci-gtoc-vis.fits 0.505199556541 360.8 30107.7237151 30100.3547326
2458097.76318 29.4274482054 2458097.76238 29.422781 -14.886 car-20171210T06h11m19s-sci-gtoc-vis.fits 0.533589125946 581.2 29435.933172 29420.0669582
2458118.6186 25.8800646764 2458118.6178 25.875447 8.71536 car-20171231T02h42m34s-sci-gtoc-vis.fits 0.454658352819 384.9 25885.0755605 25874.0285566
2458120.66755 25.1915064672 2458120.66674 25.186909 4.79585 car-20180102T03h51m01s-sci-gtoc-vis.fits 0.485747245179 580.8 25200.0600382 25182.4529194
2458131.62635 21.6764011894 2458131.62554 21.67184 10.2718 car-20180113T02h50m11s-sci-gtoc-vis.fits 0.513136613902 581.2 21685.702547 21667.5655412
2458134.65654 20.4513961051 2458134.65574 20.446841 7.60227 car-20180116T03h34m06s-sci-gtoc-vis.fits 0.529889398998 479.2 20459.3011268 20444.4014375
2458149.52125 14.3245355332 2458149.52044 14.320013 5.48572 car-20180131T00h16m55s-sci-gtoc-vis.fits 0.55181677286 580.7 14334.0996547 14316.7061144
2458199.46222 -10.8516471744 2458199.46142 -10.856111 2.90221 car-20180321T22h51m37s-sci-gtoc-vis.fits 0.54017555938 581.0 -10841.4521239 -10860.3162107
2458209.49566 -15.5047331338 2458209.49486 -15.509196 13.6222 car-20180331T23h41m24s-sci-gtoc-vis.fits 0.509394789579 499.0 -15497.2544188 -15511.88375
2458211.45272 -16.2497247979 2458211.45192 -16.254197 5.43206 car-20180402T22h40m16s-sci-gtoc-vis.fits 0.380917225951 581.1 -16242.7919124 -16260.9481033
2458215.38132 -17.7167952101 2458215.38052 -17.721266 1.14589 car-20180406T20h57m11s-sci-gtoc-vis.fits 0.478679491969 535.4 -17708.7865748 -17725.5415735
2458217.39776 -18.562682744 2458217.39696 -18.567156 5.66319 car-20180408T21h20m27s-sci-gtoc-vis.fits 0.501333448039 581.2 -18553.4976517 -18571.8235545
2458237.4689 -25.299754116 2458237.4681 -25.304282 2.04705 car-20180428T23h04m27s-sci-gtoc-vis.fits 0.559583691725 581.3 -25292.4463772 -25305.4031927
2458242.36053 -26.2475762245 2458242.35973 -26.252093 7.37632 car-20180503T20h30m25s-sci-gtoc-vis.fits 0.413996902959 581.2 -26240.5626225 -26257.4683963
2458245.42673 -27.0331715877 2458245.42592 -27.037707 2.54565 car-20180506T22h05m20s-sci-gtoc-vis.fits 0.506492707784 569.1 -27026.2718733 -27039.7989822
2458413.72052 23.2540682692 2458413.71972 23.249226 -4.17777 car-20181022T05h17m01s-sci-gtoc-vis.fits 0.521636636637 532.8 23257.8887281 23250.4635647
2458426.69886 26.929395014 2458426.69806 26.92458 31.1115 car-20181104T04h43m39s-sci-gtoc-vis.fits 0.543588022716 581.1 26934.5596349 26924.9521007
2458433.69901 28.3534699607 2458433.69821 28.348684 5.6776 car-20181111T04h43m17s-sci-gtoc-vis.fits 0.508668043366 581.1 28359.1390635 28347.8939408
2458451.6805 30.0680762769 2458451.67971 30.063353 3.86094 car-20181129T04h15m00s-sci-gtoc-vis.fits 0.485911191481 497.7 30073.8059939 30061.9567589
2458466.75603 29.0353943522 2458466.75523 29.030762 17.3954 car-20181214T06h00m59s-sci-gtoc-vis.fits 0.480046447617 581.3 29043.1257595 29027.0628816
2458474.7169 27.8216712364 2458474.7161 27.817063 3.93626 car-20181222T05h05m24s-sci-gtoc-vis.fits 0.481249283668 349.0 27826.5469422 27816.4239733
2458485.54482 25.5850556039 2458485.54401 25.580471 13.6451 car-20190102T00h54m05s-sci-gtoc-vis.fits 0.533197475203 554.5 25591.7204654 25579.1223766
2458492.70561 22.9759452972 2458492.70481 22.97141 -6.47195 car-20190109T04h44m40s-sci-gtoc-vis.fits 0.52081702712 582.6 22984.8329736 22967.8250273
2458528.61522 7.29332274424 2458528.61442 7.288885 6.68905 car-20190214T02h33m52s-sci-gtoc-vis.fits 0.50222786238 354.6 7298.80959111 7287.90870501
2458538.49378 2.46897983389 2458538.49298 2.464547 0.195269 car-20190223T23h38m04s-sci-gtoc-vis.fits 0.515780075188 425.6 2476.10749057 2462.2717443
2458545.64164 -1.58089004312 2458545.64084 -1.585312 3.81442 car-20190303T03h09m28s-sci-gtoc-vis.fits 0.533372353245 580.9 -1573.49281218 -1587.24406804
2458560.43819 -8.70802089949 2458560.43739 -8.712452 5.66592 car-20190317T22h17m18s-sci-gtoc-vis.fits 0.486783686113 581.1 -8698.90024098 -8717.66438774
2458568.42683 -12.4959370887 2458568.42602 -12.500363 4.04116 car-20190325T22h00m57s-sci-gtoc-vis.fits 0.528788296041 581.0 -12486.0458772 -12504.7662413
2458600.37216 -24.475287823 2458600.37136 -24.479782 -0.0113253 car-20190426T20h47m09s-sci-gtoc-vis.fits 0.49875534188 374.4 -24469.68522 -24480.9097833
2458609.3569 -26.6362126654 2458609.3561 -26.640745 -10.7689 car-20190505T20h26m39s-sci-gtoc-vis.fits 0.498717404488 329.8 -26631.4530691 -26640.9866876
