2457419.29718 27551.1 1309.65 nan nan nan car-20160131T19h03m52s-sci-gtoc-vis.fits
2457617.66164 27417.2 1005.04 nan nan nan car-20160817T03h42m08s-sci-gtoc-vis.fits
2457621.588 27630.4 585.156 nan nan nan car-20160821T01h56m16s-sci-gtoc-vis.fits
2457622.57939 27436.5 927.745 nan nan nan car-20160822T01h43m28s-sci-gtoc-vis.fits
2457628.60837 27537.1 827.085 nan nan nan car-20160828T02h23m39s-sci-gtoc-vis.fits
2457629.57351 28064.2 1617.57 nan nan nan car-20160829T01h34m31s-sci-gtoc-vis.fits
2457632.62715 27268.9 999.022 nan nan nan car-20160901T02h51m31s-sci-gtoc-vis.fits
2457634.65486 27274.0 1099.64 nan nan nan car-20160903T03h31m28s-sci-gtoc-vis.fits
2457635.54786 28441.3 1587.76 nan nan nan car-20160904T00h56m14s-sci-gtoc-vis.fits
2457636.53849 27344.3 1053.94 nan nan nan car-20160905T00h43m37s-sci-gtoc-vis.fits
2457643.61868 34825.8 903.085 nan nan nan car-20160912T02h36m36s-sci-gtoc-vis.fits
2457646.54608 27654.6 912.247 nan nan nan car-20160915T00h44m32s-sci-gtoc-vis.fits
2457676.50067 27588.0 847.699 nan nan nan car-20161014T23h48m18s-sci-gtoc-vis.fits
2457677.49998 27701.1 558.464 nan nan nan car-20161015T23h47m56s-sci-gtoc-vis.fits
2457678.46879 27557.0 898.38 nan nan nan car-20161016T23h02m48s-sci-gtoc-vis.fits
2457692.4615 27334.5 1075.12 nan nan nan car-20161030T22h51m50s-sci-gtoc-vis.fits
2457695.44854 28667.8 1840.55 nan nan nan car-20161102T22h34m41s-sci-gtoc-vis.fits
2457951.66736 27467.2 920.631 nan nan nan car-20170717T03h46m19s-sci-gtoc-vis.fits
2457955.67916 27334.7 1012.74 nan nan nan car-20170721T04h10m12s-sci-gtoc-vis.fits
2457956.67117 27715.5 1198.77 nan nan nan car-20170722T03h53m04s-sci-gtoc-vis.fits
2457959.68233 27531.7 883.111 nan nan nan car-20170725T04h10m26s-sci-gtoc-vis.fits
2457960.68683 27878.4 344.029 nan nan nan car-20170726T04h15m55s-sci-gtoc-vis.fits
2457961.67458 27431.1 1028.36 nan nan nan car-20170727T03h56m27s-sci-gtoc-vis.fits
2457963.65697 27470.8 900.2 nan nan nan car-20170729T03h28m31s-sci-gtoc-vis.fits
2457969.64215 27313.3 1025.57 nan nan nan car-20170804T03h07m13s-sci-gtoc-vis.fits
2457970.68542 27465.8 942.799 nan nan nan car-20170805T04h09m53s-sci-gtoc-vis.fits
2457971.6888 27750.2 555.025 nan nan nan car-20170806T04h16m42s-sci-gtoc-vis.fits
2457974.68328 27345.5 1013.72 nan nan nan car-20170809T04h04m55s-sci-gtoc-vis.fits
2457975.68283 27449.6 1055.67 nan nan nan car-20170810T04h05m34s-sci-gtoc-vis.fits
2457979.66525 27608.6 861.43 nan nan nan car-20170814T03h39m11s-sci-gtoc-vis.fits
2457980.68423 27444.3 968.183 nan nan nan car-20170815T04h05m37s-sci-gtoc-vis.fits
2457981.67665 27527.9 955.916 nan nan nan car-20170816T03h55m41s-sci-gtoc-vis.fits
2457982.69545 27323.6 1043.03 nan nan nan car-20170817T04h22m15s-sci-gtoc-vis.fits
2457985.67357 27421.5 972.693 nan nan nan car-20170820T03h52m41s-sci-gtoc-vis.fits
2457986.65953 27425.3 925.889 nan nan nan car-20170821T03h29m45s-sci-gtoc-vis.fits
2457987.69048 27420.6 896.54 nan nan nan car-20170822T04h13m18s-sci-gtoc-vis.fits
2457988.68994 27448.4 910.791 nan nan nan car-20170823T04h14m06s-sci-gtoc-vis.fits
2457990.6405 27057.3 1278.97 nan nan nan car-20170825T03h02m36s-sci-gtoc-vis.fits
2457997.63517 27872.5 1241.2 nan nan nan car-20170901T02h54m03s-sci-gtoc-vis.fits
2457999.67115 27382.3 951.353 nan nan nan car-20170903T03h46m19s-sci-gtoc-vis.fits
2458000.62203 27384.4 951.807 nan nan nan car-20170904T02h35m50s-sci-gtoc-vis.fits
2458002.61019 27503.1 861.703 nan nan nan car-20170906T02h20m27s-sci-gtoc-vis.fits
2458008.60709 27790.7 885.536 nan nan nan car-20170912T02h12m44s-sci-gtoc-vis.fits
2458010.63466 27764.9 740.827 nan nan nan car-20170914T02h52m53s-sci-gtoc-vis.fits
2458017.64153 28220.9 340.399 nan nan nan car-20170921T03h01m34s-sci-gtoc-vis.fits
2458350.62497 27454.5 872.002 nan nan nan car-20180820T02h39m49s-sci-gtoc-vis.fits
2458382.56677 28246.8 347.126 nan nan nan car-20180921T01h13m21s-sci-gtoc-vis.fits
2458426.41859 28287.5 623.203 nan nan nan car-20181103T21h42m12s-sci-gtoc-vis.fits
2458426.55118 28369.1 530.114 nan nan nan car-20181104T00h54m02s-sci-gtoc-vis.fits
2458427.41937 29405.7 1714.25 nan nan nan car-20181104T21h46m27s-sci-gtoc-vis.fits
2458427.51437 27256.4 1132.48 nan nan nan car-20181104T23h53m05s-sci-gtoc-vis.fits
2458433.49114 28226.3 503.698 nan nan nan car-20181110T23h27m18s-sci-gtoc-vis.fits
2458434.35223 28262.2 406.568 nan nan nan car-20181111T20h07m04s-sci-gtoc-vis.fits
2458434.50373 28255.9 455.708 nan nan nan car-20181111T23h44m51s-sci-gtoc-vis.fits
2458447.35985 28345.4 491.662 nan nan nan car-20181124T20h19m06s-sci-gtoc-vis.fits
2458447.45699 27964.5 372.955 nan nan nan car-20181124T22h38m51s-sci-gtoc-vis.fits
2458450.35229 28057.0 337.97 nan nan nan car-20181127T20h07m51s-sci-gtoc-vis.fits
2458450.43338 27593.9 871.945 nan nan nan car-20181127T22h05m33s-sci-gtoc-vis.fits
2458451.36928 27538.7 954.229 nan nan nan car-20181128T20h32m29s-sci-gtoc-vis.fits
2458451.43267 28217.8 594.563 nan nan nan car-20181128T22h04m26s-sci-gtoc-vis.fits
2458454.34281 28107.0 408.421 nan nan nan car-20181201T19h54m50s-sci-gtoc-vis.fits
2458454.45893 28225.3 540.682 nan nan nan car-20181201T22h42m26s-sci-gtoc-vis.fits
2458467.32948 28601.1 919.536 nan nan nan car-20181214T19h37m30s-sci-gtoc-vis.fits
2458468.29578 28667.4 1681.75 nan nan nan car-20181215T18h48m05s-sci-gtoc-vis.fits
2458470.33921 27381.7 1262.18 nan nan nan car-20181217T19h52m36s-sci-gtoc-vis.fits
2458471.30714 28048.9 564.101 nan nan nan car-20181218T19h06m12s-sci-gtoc-vis.fits
2458471.37658 27558.7 1443.13 nan nan nan car-20181218T20h45m42s-sci-gtoc-vis.fits
2458473.26389 28345.9 771.887 nan nan nan car-20181220T18h02m52s-sci-gtoc-vis.fits
2458473.36302 28699.0 967.228 nan nan nan car-20181220T20h24m35s-sci-gtoc-vis.fits
2458474.27394 28081.9 1342.97 nan nan nan car-20181221T18h22m12s-sci-gtoc-vis.fits
2458474.37946 28594.2 1033.81 nan nan nan car-20181221T20h50m47s-sci-gtoc-vis.fits
2458475.28935 28240.4 475.348 nan nan nan car-20181222T18h41m21s-sci-gtoc-vis.fits
2458475.35186 27600.3 1318.55 nan nan nan car-20181222T20h11m54s-sci-gtoc-vis.fits
2458476.27181 28041.4 1194.27 nan nan nan car-20181223T18h18m06s-sci-gtoc-vis.fits
2458476.35956 28645.8 941.249 nan nan nan car-20181223T20h22m21s-sci-gtoc-vis.fits
2458477.30717 28960.0 1294.99 nan nan nan car-20181224T19h07m01s-sci-gtoc-vis.fits
2458478.28094 28810.4 1061.04 nan nan nan car-20181225T18h32m16s-sci-gtoc-vis.fits
2458478.34635 28727.7 1005.97 nan nan nan car-20181225T20h06m33s-sci-gtoc-vis.fits
2458479.30774 28018.9 601.811 nan nan nan car-20181226T19h11m06s-sci-gtoc-vis.fits
2458479.36086 28745.0 1201.61 nan nan nan car-20181226T20h23m52s-sci-gtoc-vis.fits
2458480.30307 28627.8 936.951 nan nan nan car-20181227T19h04m16s-sci-gtoc-vis.fits
2458480.36843 28620.9 900.531 nan nan nan car-20181227T20h35m55s-sci-gtoc-vis.fits
2458481.31348 28172.1 516.43 nan nan nan car-20181228T19h16m28s-sci-gtoc-vis.fits
2458483.30024 29051.5 1121.47 nan nan nan car-20181230T18h58m08s-sci-gtoc-vis.fits
2458483.35566 28082.6 466.4 nan nan nan car-20181230T20h17m53s-sci-gtoc-vis.fits
2458484.30252 28175.4 542.318 nan nan nan car-20181231T19h00m51s-sci-gtoc-vis.fits
2458485.30609 28215.4 466.878 nan nan nan car-20190101T19h05m57s-sci-gtoc-vis.fits
2458485.37301 27715.8 922.274 nan nan nan car-20190101T20h43m14s-sci-gtoc-vis.fits
2458486.3124 28208.7 433.577 nan nan nan car-20190102T19h15m55s-sci-gtoc-vis.fits
2458487.28746 28564.6 861.203 nan nan nan car-20190103T18h40m07s-sci-gtoc-vis.fits
2458487.37453 28444.7 712.639 nan nan nan car-20190103T20h45m49s-sci-gtoc-vis.fits
2458488.26336 28175.4 501.952 nan nan nan car-20190104T18h07m47s-sci-gtoc-vis.fits
2458489.29894 28452.2 839.452 nan nan nan car-20190105T18h57m10s-sci-gtoc-vis.fits
2458489.35572 28490.3 780.371 nan nan nan car-20190105T20h18m29s-sci-gtoc-vis.fits
2458490.26314 28508.6 821.805 nan nan nan car-20190106T18h06m31s-sci-gtoc-vis.fits
2458490.36127 28605.4 984.812 nan nan nan car-20190106T20h26m32s-sci-gtoc-vis.fits
2458491.28084 28289.0 460.654 nan nan nan car-20190107T18h30m54s-sci-gtoc-vis.fits
2458491.36362 28087.6 553.097 nan nan nan car-20190107T20h30m26s-sci-gtoc-vis.fits
2458492.31134 28590.9 805.124 nan nan nan car-20190108T19h16m43s-sci-gtoc-vis.fits
2458492.35458 28521.7 715.301 nan nan nan car-20190108T20h18m24s-sci-gtoc-vis.fits
2458493.31353 28743.8 924.171 nan nan nan car-20190109T19h19m43s-sci-gtoc-vis.fits
2458493.35607 28100.1 611.881 nan nan nan car-20190109T20h22m04s-sci-gtoc-vis.fits
2458495.27047 28665.9 897.293 nan nan nan car-20190111T18h16m29s-sci-gtoc-vis.fits
2458495.33798 28208.9 494.989 nan nan nan car-20190111T19h55m01s-sci-gtoc-vis.fits
2458496.29067 28677.4 868.822 nan nan nan car-20190112T18h46m05s-sci-gtoc-vis.fits
2458496.36457 28890.4 990.129 nan nan nan car-20190112T20h32m40s-sci-gtoc-vis.fits
2458497.27188 28600.0 756.803 nan nan nan car-20190113T18h19m00s-sci-gtoc-vis.fits
2458497.35036 28624.8 925.271 nan nan nan car-20190113T20h11m33s-sci-gtoc-vis.fits
2458498.27666 28677.5 809.624 nan nan nan car-20190114T18h25m56s-sci-gtoc-vis.fits
2458498.34094 27899.8 1261.87 nan nan nan car-20190114T19h58m13s-sci-gtoc-vis.fits
2458500.27679 28067.8 496.305 nan nan nan car-20190116T18h27m34s-sci-gtoc-vis.fits
