2457395.31322 0.9356465683510077 0.0014864223754524435 1.1187312552484416 0.0016224849719398086 1.2206195265474453 0.0012026630858032095 1.1707348439818115 0.000978886924162667 0.6580322737963338 0.0017459227861016337
2457397.33472 0.9744364607582747 0.0018112584795466258 0.8260272812035124 0.001396433699829907 0.8653851827265511 0.0010147672751072024 0.8300096725946978 0.0008285953663453629 0.6601170484206922 0.002084568765637221
2457398.34532 0.9038472465998763 0.0020891316728814677 0.556551758071472 0.0011794211940616816 0.6287878462126557 0.0008826918435364268 0.602729448695588 0.0007158700587183049 0.6605463771826284 0.0025019220591543734
2457401.27351 0.8738832369692175 0.0008407571135856984 2.9377800994000194 0.00259498879010429 3.4323109228846054 0.001985946200562105 3.2911962348651262 0.0016210520011889849 0.661257091843093 0.001030854217829784
2457419.37993 0.8730953391913499 0.0010802918792391294 1.8236402293383065 0.002071710231317974 2.1240539592756353 0.001582873063272275 2.053359772029676 0.0012997303956911713 0.655200723777193 0.0013410288483955066
2457426.35305 0.881895219563346 0.0010113017136764999 2.210605435452219 0.002326006589621627 2.5503679497258647 0.001764190689494038 2.4629383624384276 0.0014533274108449884 0.6541050472079312 0.0012432100372492204
2457592.68876 0.9151809801419774 0.0010210351755805802 2.15422750731646 0.0021964620368724787 2.39632263504867 0.0016604805437384397 2.3114402098091027 0.0013374314005384295 0.6377687368003976 0.0012044494993649784
2457604.68426 0.8780061004122829 0.0013203388834940248 1.1977676708819502 0.001652906671099206 1.3940616413741045 0.0012725321061404522 1.3343195630833993 0.001018993560613915 0.6480908475333107 0.0015764693768526483
2457607.68752 0.8797683985308654 0.001216868172589226 1.3835101370084084 0.0017552525181358592 1.60258480696611 0.0013486433699487167 1.5425841700481742 0.001088158279387042 0.6401647766681743 0.0014431205241028017
2457611.60998 0.8709879375608173 0.002526077210011802 0.3619167913319701 0.000963785409432772 0.42340159762493323 0.0007463686925196976 0.40764731987330477 0.0005953686370993686 0.6397524670976649 0.0030407281503287043
2457629.48065 0.8898378734329608 0.0024997951835322198 0.43702880608833444 0.001124830356605354 0.49864671712226055 0.0008640409534464947 0.4836194217695217 0.0006901916038512799 0.6169185682579074 0.0029750961603577843
2457633.59101 0.8859185383763777 0.0024135568144871182 0.47254458018418016 0.0011820703885504849 0.5438488738637575 0.0008992260320529225 0.522941264765043 0.0007188632531985748 0.6314814801504799 0.0028349067838575725
2457635.55529 0.9059570679161761 0.002447335866698039 0.4667740936937003 0.001154921987899702 0.5239835904633745 0.0008733021074193771 0.506471626950722 0.0006967909046253884 0.6289137290345828 0.00283644568479903
2457644.60047 0.9023128075831918 0.0014133711795484493 1.3278526805214963 0.001902801666275619 1.5008988494568682 0.0014528861239101426 1.442321438146265 0.0011640619645584224 0.6286092710810162 0.0016801355113881052
2457645.66288 0.877908264648976 0.0016441375312401857 0.9315736465534922 0.0015997066120966973 1.08332300862522 0.0012388554512026448 1.0389343707969314 0.00099038557109343 0.6411629357608108 0.0020028113394194367
2457647.48259 0.8989231514748381 0.0022217038943051406 0.5707692433211763 0.0012916371855848272 0.6474162476583266 0.0009858392794192873 0.6224792765246497 0.0007876117581812012 0.6425633675461461 0.0026272951331227233
2457649.63146 0.89579129739094 0.0023996023845099393 0.48876648884395074 0.001200594024637833 0.5574294070542698 0.000910886773579678 0.5338214016274402 0.0007280985285653094 0.6407502507745031 0.002830576795202022
2457653.53459 0.9098488217684985 0.002280009687102175 0.5446089152562417 0.0012479243455666086 0.6109289245825287 0.0009508605819609104 0.5862126273462196 0.0007554251658397212 0.643704435535691 0.0026834762170113383
2457657.46837 0.8900397965199927 0.001723170609015698 0.9341267696742354 0.001659885576697699 1.0722475320520535 0.0012590706548482407 1.0268198879141557 0.001008930886228913 0.6288584630520487 0.002039889057334351
2457678.39518 0.9395295673831996 0.001596029009561989 0.9627906033548258 0.001492386932787693 1.045498381198292 0.0011114880807509117 1.0040179656611548 0.0008909079437803534 0.6590027151785076 0.0018535733379010013
2457685.36714 0.9188494017647941 0.002906493221612359 0.305641430976062 0.0008849655760956454 0.3388872193828435 0.0006619455615198939 0.3263826940306707 0.0005289499950636242 0.6503466381818708 0.0034867999876156365
2457688.44989 0.8645846769904777 0.0017458889517641958 0.6839103835113978 0.0012683660324667408 0.8058796968865902 0.000986210225797526 0.7761755990550706 0.0007905041231749107 0.6634833324703703 0.0021336364705517455
2457698.46356 0.9548069764665376 0.0029390440914446605 0.3220168198064222 0.0009031412279446522 0.34370972677855427 0.0006687280553181694 0.3308073803295497 0.0005337326995413999 0.6634045228094676 0.0034360966473252303
2457703.4153 0.8860647606521821 0.0015857637640363264 0.8695479267734593 0.0014262260257043437 1.0027981106664094 0.0010956438309090782 0.9599205649604923 0.000880099351615829 0.6568123053962727 0.0019038172154610667
2457704.40388 0.8884965400155221 0.001640975720287573 0.8271378561601801 0.001399896266964454 0.952335784342927 0.0010739545483138848 0.9095462127343604 0.0008612309356397131 0.6583574437219193 0.0019734397794923058
2457705.33663 0.8980411664816716 0.002751147202797656 0.3220531935408964 0.0009031417101309887 0.3665525901613506 0.000691650229683897 0.3506822216961729 0.0005513162920421055 0.6436290682437877 0.0033421721085042893
2457711.30076 0.9066620047863223 0.003032048274519843 0.27517227348634754 0.0008421930825265602 0.3101414700209255 0.0006399296936440485 0.29685931314567204 0.0005096144129117598 0.6556190358196718 0.0036327491649020705
2457738.41229 0.9089908704387402 0.0026348151595217387 0.37064968579906526 0.0009831182264113056 0.4146678593586868 0.0007425465746545415 0.40085119116855294 0.0005979482645035449 0.6514384590148143 0.0031977309473736073
2457766.28775 0.8847956960330743 0.00148420921398655 0.7085017465938956 0.0010901121010598418 0.8178512189589756 0.0008339693379520604 0.7836523818619111 0.0006706469420004128 0.6599749114288147 0.0017883190016226187
2457769.32926 0.8974991457915057 0.0037753281987053466 0.2106075261609029 0.0008111635486238812 0.24009177938733303 0.000622644882777119 0.2292290598546204 0.0004922590230969535 0.6631619668741549 0.004612455442909799
2457896.66701 0.896419987019879 0.0010014332766470698 2.340126356174206 0.002397407602014242 2.6511265198949356 0.0018086405674992852 2.5699225197497166 0.0014624657835514113 0.6564235134671922 0.0012019932005653605
2457917.65439 0.9105833482089439 0.0010260499980666049 2.2827080670049633 0.0023529806131969786 2.5515615889723873 0.0017761124903922627 2.462165208239304 0.0014329055812626378 0.6410617405705271 0.0011913788685817572
2457938.64722 0.8949078579117271 0.0011200600960438625 1.8300548226146374 0.002096931226384781 2.0868338287299406 0.0016078809118975684 2.003095221362616 0.001286903965182744 0.6388078408009142 0.0013390678606421513
2457944.67038 0.9084669650501861 0.0010922518254579275 1.982573268777233 0.0021806659907383304 2.2238563215228875 0.0016514476085337157 2.140800501563047 0.0013278221222622324 0.6447954757871359 0.0012723854842217705
2457945.61526 0.9159538659025982 0.0010602290298825294 2.1338729373479293 0.002257646397349215 2.3659248833960675 0.0017052164928565419 2.2934210002422333 0.001370554845431873 0.6222174539391162 0.0012280969020219514
2457946.66838 0.913078589665688 0.001567232155198202 0.9934993153911525 0.0015587128182862758 1.1080652619084568 0.001183099421675404 1.0680876489924758 0.0009462209098385809 0.6238718339266316 0.0018306334680518771
2457949.63087 0.8430416797853318 0.0010694421309709122 1.8005952156823257 0.002104637910027073 2.172689505026374 0.001639921216521632 2.098974064776772 0.0013208579524090556 0.6448326216431389 0.001291765051763679
2457950.59057 0.8440110559838541 0.0010360599212082037 1.9183807167513618 0.0021696457959633777 2.314334554571501 0.0016895497402776506 2.23153176590016 0.001360838940236763 0.6424400518344233 0.0012497258175990392
2457954.63663 0.8764872966941379 0.0010469220247313314 2.020235916315499 0.0022146291651222046 2.3465349976445586 0.0017052368944565951 2.263311428961411 0.0013688673710389144 0.6435265475744105 0.0012439404494855157
2457960.51814 0.9433239004119366 0.0011996401405509401 1.855971354549214 0.002151607461539763 1.9965244480904112 0.0016031644495711087 1.938436499551723 0.0012891000093342255 0.6395074408135121 0.0013648686670352777
2457962.65652 0.9651816347207618 0.0011431936695451737 2.144471146292606 0.002311155944464617 2.2627724772649453 0.0017037675733035578 2.1808909103274345 0.0013651460108017504 0.6455576367679735 0.0012857550804794135
2457963.67461 0.9061470866676349 0.001044207126850733 2.24712434057462 0.0023686061352885383 2.5280319486104004 0.00180343079520381 2.4317022350273634 0.0014432075587621474 0.6434793497706321 0.0012163163761792508
2457964.64238 0.9186012308544934 0.0011313283295656489 2.009264950094552 0.0022639458257116617 2.2261976443283946 0.0016973479269696105 2.1484208138365495 0.0013601209270085774 0.6413882095765582 0.0012970918417425554
2457965.66731 0.8918440299178721 0.0011168656193558627 1.9391521647058685 0.0022272834859309765 2.211489255546678 0.001692560511108231 2.137145930999204 0.0013581512893335883 0.6413165461356688 0.0013027417017875793
2457968.62522 0.85417349969365 0.0010355571972979266 2.0500393962037973 0.002288094538569302 2.4441034222992375 0.0017708039262175769 2.355950423761418 0.0014236551030715509 0.6443018728586144 0.001240221424591954
2457990.51611 0.8718674358822933 0.0010391637507249146 2.258258492259656 0.00247113350402934 2.630907033530759 0.0019063415864873853 2.5493724431866913 0.0015344867024283998 0.6350791099318754 0.001231189921725789
2457997.58449 0.9045468106503346 0.0010447923335700309 2.4959900276414277 0.0026415838147718406 2.8115638350764063 0.0019918586129304516 2.707199811543289 0.0015975628181088737 0.6427587991814206 0.0012096598598000448
2458000.52954 0.8960859592365227 0.0010667612279825307 2.2829856771533774 0.0024885890549327504 2.5935775667217604 0.0019015742343184575 2.501883764016001 0.0015262049404411063 0.6260487973065456 0.0012578494902168486
2458000.66307 0.8856822564784284 0.0013296780961168638 1.4513438253079431 0.0019961397045736335 1.6677738926934857 0.0015363948123876038 1.6095726154744625 0.0012371482751523586 0.6279419032883862 0.0015826023867190734
2458005.51472 0.8651995302849601 0.0011521383321813187 1.81329693259864 0.002221377942680196 2.1363860108483004 0.0017048977147586992 2.055241166761047 0.0013717285464494243 0.6530829335517432 0.0013800633542756682
2458006.58828 0.858728235871413 0.0018487339030788619 0.7434307095305673 0.0014731397386814136 0.8829117732148775 0.0011383692934605846 0.8485573423340133 0.000909810789123852 0.647186641648723 0.00221916150322568
2458007.52361 0.8500209903014349 0.0013059476607463951 1.4277415357787033 0.002019651985560405 1.7116281927054655 0.0015730860055368102 1.6476806998252869 0.0012574843778879743 0.6473984804823922 0.001575283795142182
2458008.53838 0.8666774666907541 0.0010419491069249816 2.309484386848191 0.002548595419267593 2.7164167782939073 0.0019844687415913193 2.6130961618925395 0.0015893254152825513 0.6308911532239142 0.0012578638414085792
2458009.48289 0.8468763710929572 0.0010906983282566187 1.9562436604903917 0.0023174271399793406 2.351067956457747 0.0018208388440371108 2.2688357916317488 0.0014610638092537136 0.6282706970091401 0.0013309858186516784
2458023.30987 0.8694831730385766 0.0012403437320131594 1.6306070129750139 0.002135557601576999 1.9077183473194745 0.0016560861185343544 1.8430316695590425 0.0013250202135568028 0.6367570880193079 0.0014736829875368113
2458027.42729 0.8373408312594613 0.011835287103993716 0.03611304061645168 0.00047164413007822945 0.044020954387407774 0.0003736837863052574 0.042235535845209504 0.00027874230154288605 0.6295001873484223 0.015266748937992234
2458027.55697 0.841625173935386 0.0009358199602252622 2.6172164840213323 0.0026784642882719846 3.161371789925487 0.0021099014371021648 3.058063096470303 0.0016910564867930308 0.6447148833795482 0.001140232887518946
2458028.59446 0.8456456890369956 0.0009566961220133655 2.57249987529496 0.0026778816827638372 3.09382672125185 0.002096953791455082 2.990281336401638 0.0016936007138506407 0.6385769268354955 0.0011561205714050427
2458030.43463 0.9057576990939383 0.001038863715703283 2.617898141515666 0.0027518582160281748 2.9378903315100873 0.0020638822076073323 2.842680220933337 0.0016660745588519827 0.645207152015972 0.0012041487829296327
2458040.51039 0.8848522982072229 0.0009890973033970425 2.74096332952894 0.002813513377854338 3.156021295298993 0.0021350572237346264 3.0392800789130363 0.001720195668943306 0.6466655363086957 0.0011871789277181544
2458050.49114 0.8682032858901934 0.0010158665506071753 2.5415806810734636 0.002731513362837118 2.9853669304243278 0.0021124961478251945 2.8694385566742593 0.0016954036970255777 0.6610665102596979 0.001231803236570229
2458054.44169 0.8807545392997286 0.0010762135032390326 2.3319024595163635 0.0026141202299766095 2.7016748357826557 0.002008205596825405 2.5935631799542045 0.0016110826746019472 0.6609555351344816 0.0012948475126016567
2458060.37821 0.864832916308637 0.0012722327444984424 1.66356810674829 0.0022469013759683016 1.962241715995978 0.0017503563693235847 1.8849016463286 0.001401933186948521 0.6605972275849319 0.0015552225586736841
2458066.42266 0.8241747553401051 0.00137380846303987 1.3533109354561772 0.00208265802638695 1.674338829349464 0.0016407849039257526 1.6096999662763931 0.0013159748896639698 0.6594677071432601 0.0017100898921186623
2458081.37057 0.8401114546818915 0.0014375246604643648 0.7726806179951813 0.0012171873821658391 0.9386630878901817 0.0009581206727484961 0.9008086005127743 0.0007697210944535212 0.6466359780168627 0.0017945688340333613
2458084.40799 0.8241669264972045 0.0010393319026401812 1.504784727500657 0.0017492060326737202 1.8643770557893833 0.001390977458114428 1.7872733056153123 0.0011193151362650293 0.6584014657848222 0.0012962421087883166
2458092.55594 0.8785029743565146 0.0008247626186528637 3.6846572544615146 0.0031735922443548096 4.281872512589039 0.002438833558236077 4.106618732213974 0.001967871062669461 0.6605607007105668 0.0009921734633079337
2458095.39426 0.8642831297129964 0.0009292840710273005 2.9851770565427582 0.0029519946221378953 3.5269124854540994 0.0022753035673065878 3.3809559060857186 0.001823595784351838 0.6583977036177595 0.0011211017828516357
2458096.29103 0.8603326594716441 0.007801018825654098 0.07144662545158945 0.0005974127816585335 0.08516620939046564 0.00046329498472405577 0.08092448742317608 0.00035312530986811904 0.6621683229405753 0.009680532818856936
2458099.29581 0.848868038157041 0.0023868701750784684 0.5246700391931048 0.001357687047659147 0.6322203635329932 0.0010649077171202312 0.6039435997897503 0.0008457389059235595 0.6560337634685325 0.002945105754324626
2458114.3012 0.8838352415143756 0.0022225403747018696 0.38243297045513736 0.0008822839622704368 0.4409541184423675 0.0006762908976313204 0.4244401371654342 0.0005407081888765764 0.6597006507839476 0.0026914730620283896
2458121.40347 0.8327215925296154 0.0009252221705233201 1.8177736573300118 0.0018609526125255287 2.2276812204172916 0.0014683714020572115 2.138180488075306 0.0011821245919421916 0.6621043080179764 0.0011524193486949779
2458123.32994 0.8571602697572109 0.001037808968816475 1.549071480487955 0.0017263740887316472 1.845605343999997 0.0013326921766015215 1.7688213510840547 0.0010719442182873218 0.6589513014956417 0.0012596110400577248
2458141.43692 0.868179949941725 0.0008834435559591038 2.1855390031458968 0.002042375600292924 2.570277945256569 0.001579723448779882 2.4644824250850803 0.0012711424812550495 0.6623696401348498 0.0010742302373584617
2458143.43142 0.8605047710254434 0.0009188305264523807 2.003007198202199 0.0019681888549285403 2.3750809540211315 0.0015126836406784497 2.2803428522066067 0.001223241403296481 0.6620295837611982 0.001113310699224846
2458149.38375 0.8936719123323079 0.0011552937436864858 1.4498837903394537 0.001717206070879729 1.656171164462264 0.0013088778343865561 1.5886075296684314 0.001055134574808908 0.6596227951229048 0.001379247295920994
2458161.34039 0.8628396583778739 0.0012624315541198369 1.1327652769573664 0.0015224753033371047 1.3392249194669053 0.0011810278884853683 1.286443166042629 0.000953770259505652 0.6609082479468886 0.0015442212992721437
2458166.37258 0.8735283278882373 0.0014497965391038893 0.8630421686980684 0.0013144305533461054 1.0064739318380893 0.0010144623249215233 0.9695173237276705 0.000818180560226747 0.6492724457809199 0.0017818382308640603
2458167.34692 0.8932467027532603 0.0026943756419554013 0.2892345631944722 0.0008005078760256958 0.3305709013636683 0.0006073669789222298 0.31703196647331905 0.00048416301057694917 0.659619368698261 0.0032209591239711396
2458172.28611 0.873072468536116 0.002072063108288053 0.4746438072899641 0.0010344539015354763 0.5553051529216094 0.0007978097569935199 0.5319901734006172 0.0006379301569837472 0.6549679629019537 0.002507516752806245
2458173.28641 0.8986838457928105 0.0010684053159642393 1.81213344355761 0.001972948258510079 2.0614447526528803 0.0015013862382872061 1.9714160849845488 0.0012059336621164502 0.6586343027990772 0.0012707226110079241
2458174.29336 0.8699285073467949 0.0015365411434073533 0.8403683981652987 0.001363391811493283 0.9863514858232417 0.0010529598112123764 0.9456886555634293 0.0008435726809262591 0.6598681783671513 0.0018642592401304635
2458175.30663 0.8696548610771944 0.0011332074132901376 1.468057889049336 0.0017564453753207093 1.7223761858234943 0.001355997864660818 1.6538089072625888 0.0010948755908523366 0.6464730626354884 0.0013876219890250113
