2457422.74662 -23.946442313992833 0.6022436853734074 14.16065768600717 0.5500217220829954 38.1071 0.245303 19.0208320684 0.0
2457427.74354 -19.094395548819964 0.8117503501500858 -7.511158817400364 0.7964704934194279 11.5212 0.156759 20.5751539031 0.0620367314196
2457440.70803 -17.063370460061716 0.4799852621469236 -14.563639778436716 0.4304802992812226 2.27674 0.212303 23.830938509 0.222990681625
2457472.73121 -14.840157440122331 0.6067233447261203 1.10480053119867 0.5499556386833857 15.3244 0.256246 26.269853475 0.620557971321
2457490.67972 -16.590757041622094 0.9401506089006914 -7.112458494337094 0.8997578725364623 8.63491 0.272615 24.3020919748 0.843388547285
2457494.69984 -18.509507777004178 0.6771351122061999 -4.071809513786179 0.6594817930022807 13.5444 0.153609 23.457113316 0.893298263218
2457503.68546 -19.516661697084288 0.7637266417917241 -3.1402071507542852 0.7382651637578902 15.3716 0.195558 21.3468670286 1.00485454633
2457509.59121 -20.754270388009974 0.8506343821427288 -27.898875999859975 0.8285735641349788 -8.22278 0.19247 19.8961340666 1.07817438815
2457510.69292 -21.01783636071805 0.7275357004925712 -28.81531429583805 0.7098068892784969 -8.88933 0.159632 19.3308573223 1.09185206488
2457532.57778 -15.111493173114596 0.7603413913487227 -10.584430777964595 0.738944031085651 3.16351 0.179111 11.7444992771 1.36355239515
2457536.53608 -16.106472584386392 1.1986143524367654 -13.74893498984639 1.131370729200383 0.944843 0.395824 10.2379511838 1.41269459454
2457537.66768 -18.636509681683595 0.8209121576293098 -7.742186301893594 0.7670522688465297 9.46758 0.292451 9.47830814987 1.42674337979
2457539.56469 -18.000495839678695 0.7046910708387587 -9.339261046038693 0.657974299236586 7.21094 0.252308 8.91390705005 1.45029479364
2457544.66622 -12.18167679224158 0.8375388472063957 5.039753372988421 0.8161261338199006 15.7078 0.188174 6.5175368814 1.51363016523
2457555.51341 -20.244695180183943 0.8222109584324502 -12.817027275173942 0.767384880207063 5.77937 0.295214 2.09135894821 1.64829790501
2457572.50162 -19.124897909722698 0.9656738685682331 -15.8033716431127 0.9421033369065929 1.46232 0.212055 -5.36477199405 1.85920626661
2457591.42461 -14.212391678426156 0.7437896664045127 3.114743231063844 0.6959411913093924 15.233 0.262467 -12.9938935747 2.09413490949
2457596.3991 -3.1371265793961034 1.068258672312401 15.606866567653897 1.0359338336817916 16.5881 0.260802 -14.8065074628 2.15589314705
2457618.48193 -13.713599289095633 1.2521797645231698 -6.092588102745633 1.1888933645946977 5.19096 0.393048 -21.8967836333 2.43005118635
2457622.39139 -10.705147038614987 1.0897838542791205 -8.722472960004987 1.0019468332833112 -0.495913 0.428639 -22.6608353889 2.47858707861
2457623.40145 -11.605507603545796 1.0840204694452713 -2.561430570655795 1.024900025356301 6.55295 0.353101 -22.9124023113 2.49112703289
2457625.35713 -12.372519804133496 1.3939381890700338 -9.321438100333497 1.2937831948946643 0.535675 0.518834 -23.2416221657 2.5154067038
2457625.35831 -13.334891345504394 1.2149073601516984 -9.396509940604394 1.1797489768886298 1.42296 0.290159 -23.244590926 2.5154214049
2457626.37043 -14.744359553218956 1.1481444525209987 -9.013362702188957 1.0983975546430098 3.20301 0.334303 -23.4845833483 2.52798685103
2457627.36439 -12.833892503833013 1.1749145293529806 -5.235455678373012 1.0838237462224825 5.05811 0.453597 -23.6731663261 2.54032682546
2457628.34767 -14.6176420343282 1.1817873346698948 -10.466977775208202 1.094150890677412 1.59813 0.446604 -23.8286897218 2.55253425912
2457629.36846 -15.626913479406385 1.078558785166706 -9.954556172486384 1.0217501582183781 3.10715 0.345421 -24.06970043 2.56520730692
2457630.35723 -13.268544333087071 1.340660615077372 -6.156181464167072 1.2870890008117688 4.53488 0.375197 -24.2253419476 2.57748286892
2457631.36883 -16.501214581908037 1.1391646909160085 -5.469392687078035 1.0707388851913267 8.44178 0.388863 -24.4287807597 2.59004189483
2457632.32591 -16.61798069616013 1.3473551649501434 -5.056216675340133 1.2495205297288348 8.95984 0.504048 -24.4926944765 2.60192402082
2457633.33234 -15.066958164072252 1.0400155082376523 -3.5067492440022523 0.950629670481004 8.94579 0.421824 -24.6698286798 2.61441892007
2457634.42227 -17.827438081306774 1.1655998853744844 -4.637687782086772 1.1338670542246172 10.5618 0.270127 -25.0233439822 2.62795029922
2457635.37943 -12.853752003456897 1.1436917917528233 -6.804778553826896 1.0744905505674693 3.40914 0.391792 -25.0795851442 2.63983344963
2457636.42965 -17.825158122770592 1.1811012931596996 -9.104496240340593 1.1420626669734522 6.06779 0.301153 -25.3164425693 2.65287188243
2457643.30467 -12.658517268100216 0.7864724523922232 -8.510012098910215 0.7532314040737002 1.41028 0.226233 -25.8006831645 2.73822516919
2457644.29516 -10.470352608958152 0.7587185367843774 -16.684390425828152 0.7356739145737238 -8.96456 0.185574 -25.8569162536 2.75052218313
2457646.31095 -7.401404502922041 1.2329814008442972 -3.1888363574220415 1.1896015127528905 1.43702 0.324178 -26.0302399488 2.7755481455
2457647.31111 -6.677716007794769 1.4830064739737259 -2.8854108407347687 1.4278660305361226 1.00434 0.400633 -26.0880048067 2.78796516706
2457650.33284 -12.13213618537051 1.2064632602662089 -6.227516401010509 1.126432083049471 3.07914 0.432093 -26.2665208819 2.82547978436
2457652.3581 -15.20823551221255 1.2565008760750507 -7.83542213136255 1.1850409262875143 4.52219 0.417699 -26.3682654937 2.85062338085
2457655.38059 -17.447914814469033 1.8001927334459842 -11.582407260839034 1.7623121691478851 2.97736 0.367355 -26.4256640393 2.88814755363
2457656.32356 -10.01260658980438 1.1800742105404667 -4.720632092994379 1.1411952378917052 2.39212 0.300414 -26.3134209323 2.89985449681
2457657.33927 -4.013102813526163 1.7487509981791733 0.5973817301538374 1.7131653077130808 1.69802 0.350991 -26.3281124289 2.91246454368
2457658.3401 -12.749472004903431 1.4028629712981748 -3.017582098233431 1.3764353606147088 6.807 0.271017 -26.3051306008 2.92488990667
2457659.29009 -10.201575917539715 1.1510655269066377 -14.363771920809716 1.069180446059904 -7.09888 0.426386 -26.1721748125 2.93668399673
2457662.33017 -16.490682484059892 0.8795621452967197 -7.7749158996098915 0.8443430162143628 5.74134 0.246403 -26.1068672097 2.97442658445
2457665.27416 -14.447350418551375 0.9778202165561273 -1.1219743322213749 0.9239944010663006 10.3144 0.319948 -25.7777870471 3.01097608633
2457669.27814 14.329943380965426 1.0564145478463964 17.390628884605427 1.0564145478463964 nan nan -25.384583254 3.06068550364
2457678.29393 -9.832989805095727 1.1113102634626557 -11.253053446825726 1.0406931791438039 -4.59268 0.389831 -24.072930946 3.17261635827
2457679.27063 -6.770367132233721 0.8335922564165252 -6.217414993893722 0.7974981731569006 -2.63179 0.242637 -23.8505203582 3.18474213834
2457684.30861 -7.503891123669481 1.0500149572740687 -6.919772609179481 1.0087942386880808 -2.66317 0.291317 -22.8866584131 3.24728851449
2457685.30973 -10.411704825316907 1.4671665577070248 -5.9517073766969055 1.4125032950580612 1.20028 0.396752 -22.6610116882 3.25971744862
2457689.25385 -6.925435538288677 0.9903199657027238 -5.984461858878677 0.8608181274493726 -2.36771 0.489618 -21.6042672312 3.30868367941
2457690.30137 -6.599354778556661 1.2048163882873404 -7.30448616318666 1.106367802075671 -4.02682 0.477004 -21.4060044484 3.32168861537
2457691.26056 -11.786332992703644 0.8981178774671403 -11.682666086233644 0.8217981856983387 -3.22993 0.362303 -21.0835224806 3.33359690647
2457692.26924 -11.652443569861063 0.9276343800019177 -10.759213844711063 0.877054627051555 -2.45289 0.302127 -20.819464588 3.34611972515
2457693.29833 -8.801275830497522 0.7532917406458737 -8.229740067587521 0.7289341715438303 -2.78736 0.190009 -20.5697938025 3.35889576291
2457694.28931 -6.498229662146443 1.2462346769337274 -6.444300891996443 1.222615541595604 -3.31727 0.241479 -20.2694019115 3.37119877015
2457698.28959 -2.634075885449012 1.6607454539597237 -0.07551059168901192 1.6075327187798976 -0.862297 0.41703 -19.0415265925 3.42086229376
2457704.25495 -7.6969080997870645 1.0617652817539818 -6.373385963597064 0.981887390920727 -2.1714 0.404033 -16.9970395257 3.49492213619
2457705.25328 -11.393971292327713 1.1091755332464566 -10.026624876967713 1.0414610499469297 -2.13997 0.381614 -16.6434211647 3.50731641536
2457706.2511 -11.130897663058029 0.9062362960937393 -9.02193342708803 0.7537236034069117 -1.41074 0.503155 -16.2847421376 3.51970423597
2457711.23958 -14.964387241354805 0.9980452953687605 -10.577142037794804 0.9211068860271953 0.805609 0.384261 -14.4214247168 3.58163620356
2457712.25427 -9.720433222057023 1.0440868143791042 -7.541909719627023 0.9508626877521833 -1.41571 0.431251 -14.0493008139 3.59423350243
2457779.76575 -19.66851738894333 1.0097825378923007 -12.93370967683333 0.9772643837811832 2.30242 0.254195 16.1421467695 4.43238771211
2457788.74174 -19.40474382402383 1.1338775745702816 -7.560779330303828 1.0598063739723331 7.30014 0.403099 19.2736787954 4.54382449372
2457793.7315 -13.610203915195275 1.3263128664018742 5.589668322984725 1.2704967171772448 14.5941 0.380715 20.7897386788 4.60577223818
2457793.73612 -15.810055053165428 1.1497335910643836 3.670274579164572 0.8828850508309692 14.8745 0.736479 20.7838240439 4.60582963233
2457794.73652 -10.953746686627472 1.2938717225353094 -27.391997104997472 1.2371219076051028 -21.0565 0.37899 21.0651231528 4.61824958163
2457794.73985 -7.001169541217313 1.631805288763933 -23.152178660227314 1.5957884935156483 -20.7693 0.340951 21.0605980873 4.61829088099
2457798.71815 -16.818490307514367 0.9912369363674006 12.244691149335631 0.9207146997946922 24.3955 0.367199 22.1561095026 4.66768145685
2457799.70275 -15.423449347244874 1.22429890654999 0.25295590482512537 1.148247866274308 10.9965 0.424776 22.4263855086 4.67990525207
2457800.70536 -15.114705378342887 1.041578900520134 -1.5000627890928875 0.9463084863894708 8.92229 0.435186 22.6685600845 4.69235258925
2457801.74922 -0.33521457010164735 0.7498298982154918 4.370097550198353 0.7498298982154918 nan nan 22.8422902569 4.7053121203
2457806.6899 -14.149910866003239 1.071538095081814 0.26853981655675996 0.9956772253976499 9.6518 0.396006 24.0154147063 4.76665068256
2457814.73959 -17.59114565572927 0.6488878940239826 4.775441787330732 0.5440294832836537 17.5 0.353677 25.2712865044 4.86658744306
2457815.71921 -17.672601417741376 0.8226527467755779 -13.835501981361379 0.7846722231915714 -1.04165 0.247077 25.4395678773 4.87874943638
2457817.65918 -14.685095249611145 1.2107130150137462 8.604338800538857 1.1679111742541364 18.3866 0.319076 25.7724501531 4.90283405015
2457818.66816 -15.84381683159839 0.8331273435815699 -14.053016286398389 0.7955067943388562 -3.12456 0.247528 25.8667818614 4.9153605452
2457819.65089 -14.444119717170505 0.9017624026351989 -4.476778617680504 0.8489679984342204 5.03978 0.304021 25.98994049 4.92756109949
2457822.74014 -12.515613659026492 0.7411818538941023 -13.694339548066491 0.6815813234984498 -6.14464 0.2912 26.0782680809 4.96591411096
2457824.68149 -13.103318482861367 1.1405892679125653 -9.086927524691367 1.0002371515177397 -0.973625 0.548151 26.321953672 4.99001595817
2457828.63885 -18.570718146492844 0.8779429571775876 -13.198072581072843 0.7925410135814597 0.333499 0.377707 26.5633477596 5.03914656542
2457829.65491 -16.920401714876945 1.1676638282894605 9.675259145683057 1.1205839897868426 21.5439 0.328223 26.5616293252 5.05176086056
2457830.69427 -17.797118383048527 0.7542427149027712 4.693546204281471 0.7033002722051962 17.426 0.27249 26.5024107732 5.06466458733
2457833.73414 -17.0436676450509 0.6663572153056648 -29.7380631347709 0.6120407594833208 -17.7968 0.263511 26.4118644359 5.10240451028
2457834.67964 -15.712066888457382 0.7137069064254448 -35.01472406112738 0.6949880108918273 -24.4168 0.162386 26.5156309007 5.11414282733
2457851.66523 -15.440756019707301 0.6912298977831501 -7.506667273997302 0.679644000091448 2.60907 0.126027 25.0375375758 5.32501874571
2457852.6927 -14.70680177696 0.6434534732121507 -3.5509469453900007 0.5977643255228435 5.81808 0.238139 24.8147661232 5.33777483157
2457854.69393 -13.048551353106623 0.7802102520219368 -3.3187813108166235 0.6994388518742252 4.36715 0.345707 24.4793959845 5.36262004229
2457855.62602 -14.385699288701964 0.7492267879186985 -5.893657389761963 0.7364134592020779 3.11785 0.137971 24.4666590824 5.37419189894
2457856.69901 -9.881882073249265 0.5902928255533956 -2.5090190227892655 0.5736839027014891 1.98535 0.139041 24.1079657444 5.38751305046
2457857.66822 -9.634743608884612 0.5409421384408296 0.1948121387153873 0.5042944195774306 4.43001 0.195718 23.9957960182 5.3995457476
2457858.63635 -6.1120672056147995 1.162728678475798 4.525837885395201 1.0572153249083536 5.22634 0.483977 23.8779188828 5.41156509101
2457859.63425 -10.125464042981791 0.7032081103292396 -2.4317600319917907 0.5333006565426485 2.26975 0.458358 23.6812023702 5.42395401099
2457861.70396 -9.136091089880923 0.5594805806097515 9.944958340809077 0.5355740879452857 13.6314 0.161799 23.0827754357 5.44964943069
2457862.69712 -11.349470842019354 0.6162774028790554 7.984008654230646 0.5736228328399713 13.8715 0.225288 22.8776045178 5.46197949625
2457863.58858 -9.07141764102824 1.3612529948740326 26.84772928877176 1.3555881855082401 30.4461 0.124058 22.9139077654 5.4730469298
2457863.62403 -13.843501855939929 0.6871328788302838 23.939585229260075 0.6449939455844478 32.3096 0.236927 22.8323420499 5.4734870852
2457864.68182 -12.65869104831404 0.7620116870020113 4.564328449225959 0.6846366940002934 11.7364 0.334566 22.4515934006 5.48661949754
2457866.60438 -11.91445762780343 0.8960990053823467 -4.796729532843428 0.7396272705540481 1.60724 0.50591 22.1541228045 5.51048809496
2457875.62414 -10.42176097881445 0.7344610731593134 0.6760373475555482 0.638544309642902 5.47533 0.362897 19.5727776138 5.62246832637
2457876.55094 -11.634064006271721 0.7901848737145742 -0.8469195020717206 0.7749374582811942 5.15317 0.15448 19.4426706236 5.6339745042
2457877.55852 -8.240303224890207 0.6716509332897356 3.5625603507097936 0.5874129955056943 6.15638 0.32567 19.1116223534 5.6464835756
2457878.63896 -6.920103918720461 1.129408125020309 2.9075033283695393 1.0047724841240877 4.16771 0.515747 18.5886077266 5.65989724709
2457879.57184 -5.484916520287509 1.2592192917157443 7.267282383592491 1.1624675300089464 7.08072 0.484048 18.4375818467 5.67147890388
2457880.66329 -8.96780397969834 0.8294776381794963 7.01602523382166 0.7253431485020282 10.2988 0.402381 17.8709985785 5.68502921352
2457882.55824 -5.99931094868112 0.7631979231747317 6.53950414841888 0.6880733779599554 6.83026 0.330191 17.4734333527 5.7085550971
2457883.61013 -6.769078788027572 1.197754521445887 4.020045451722429 1.068995431991674 5.06751 0.540245 16.9989026746 5.72161423975
2457886.52666 -7.179999601371504 0.9191893150590121 7.990033326558496 0.8608507039078588 9.41221 0.32225 16.1591785827 5.75782292793
2457887.55722 -9.413363277130907 0.593421709586704 -5.107306017910908 0.5833390540095926 -1.46456 0.108926 15.7273699316 5.77061725922
2457888.65862 -13.495928826976604 0.787279554506877 -0.8754776430866043 0.6949730395551663 6.83616 0.369894 15.0963828614 5.78429118389
2457889.59921 -9.187839067804873 0.6949207722025845 1.3588895767351257 0.6265239611296893 4.75076 0.300637 14.8873137505 5.79596864454
2457890.66402 -7.115449925026438 0.6973250569336441 3.720388321733562 0.6788170803416116 5.02665 0.159592 14.343649688 5.80918824676
2457891.6614 -7.252151714277901 0.7611891871518139 -1.0381010696779012 0.7394979657820833 0.39248 0.180421 13.9747445202 5.8215706446
2457892.61434 -13.973461638591411 0.7076828110126097 7.535439721068589 0.683139131452524 15.6755 0.184759 13.71926866 5.83340135966
2457893.59359 -10.301425789592141 0.6357713257598425 22.66993301144786 0.5816466759411832 27.1258 0.256695 13.3913058392 5.84555880104
2457894.53616 -10.257753664217047 0.8014580941757505 -3.2098628626470473 0.7636288328702802 1.19063 0.243323 13.1553414492 5.85726080157
2457896.59913 -10.27963361721321 0.832177879797207 -0.0705011605732103 0.7901135571440189 4.32626 0.261229 12.1993430612 5.88287245664
2457898.58722 -9.745490504682603 0.6870250797304007 1.232594100227396 0.6554758465188198 5.07053 0.205803 11.4273011784 5.90755460491
2457901.59499 -6.6928720777816215 0.6735433314946428 -0.7479760844716214 0.6735433314946428 nan nan 10.1739481868 5.94489599331
2457905.50997 -11.598240925417404 0.8788368844994381 2.9557295223125957 0.7672237660374441 8.56047 0.428628 8.72705783504 5.99350044773
2457907.55332 -12.549882536106129 0.7195420456998429 2.528526144073872 0.6973611382418115 9.05954 0.17728 7.76185937438 6.01886868018
2457909.63106 -12.05792891120867 0.970516905905695 -1.2831351941786693 0.805027080553048 4.73013 0.542065 6.69899488325 6.04466371703
2457910.58582 -13.335065496724052 0.9161565857456341 -1.746458376514052 0.8467079066603178 5.53209 0.349898 6.38816295811 6.05651712021
2457911.66148 -13.110296090318752 0.8088512572106114 9.112775348911246 0.7813704038944568 16.1532 0.209047 5.76814977253 6.06987143923
2457912.6704 -13.893723084485877 0.8395838476432899 4.136874022894124 0.7710195205852515 11.9482 0.33231 5.31812172964 6.08239710738
2457914.52979 -16.230277325713747 0.7992889209679324 2.613504130616255 0.7407984619490524 12.7383 0.300134 4.81090908511 6.10548145633
2457915.56372 -14.395716373663138 0.7548233067422202 -2.703818695553138 0.6591988833009806 5.57358 0.367716 4.28177840161 6.11831767811
2457916.5292 -13.997977747771468 0.7796776903400581 -5.2299937193414685 0.7684552197194106 2.63768 0.13181 3.93996144631 6.13030402843
2457917.55776 -8.84990560924238 0.640173708400518 -2.70683196869238 0.640173708400518 nan nan 3.42326696552 6.14307364055
2457918.64313 -13.22447052721493 0.7843176889410649 6.2275779750950715 0.7678928368886202 13.2955 0.159671 2.76830869823 6.15654850231
2457919.64125 -5.55796873837798 0.75212012993047 5.55487136304202 0.7204745226013388 4.9439 0.215873 2.33368269212 6.16894010142
2457920.40148 -6.4352079083346805 1.2150912622314947 2.359980420405319 1.1301215458305036 2.61681 0.446399 2.50472829308 6.17837832874
2457921.54622 -5.620904048699357 0.8110413301753402 -2.0923337602493564 0.7765477597086898 -2.66402 0.234012 1.69236008824 6.19259028845
2457922.47898 -8.395777977553802 0.8567590835603278 0.6632324814861975 0.8106323167886491 2.85484 0.277329 1.43379698974 6.20417045904
2457923.59984 -5.90927342665878 0.7286412264720227 -2.0779274089087796 0.6913725150818866 -2.38674 0.230048 0.664472986524 6.21808601775
2457924.47849 -6.156327105174315 0.6007064492734449 3.6291372875156847 0.5671106881145072 3.55647 0.198075 0.546613000259 6.22899439269
2457928.64816 -9.38598645109738 0.7336607475353272 2.488624359582619 0.7076845274966064 5.59385 0.193496 -1.66323327152 6.28076081068
2457931.58883 -8.616667935719107 0.8991027725620033 2.893841246800893 0.801944060600664 5.19324 0.406536 -2.86401466256 6.31726918252
2457934.40467 -10.01596639833697 1.4847463275538457 -1.3801086220669692 1.4027326927211157 2.28363 0.486634 -3.69811194354 6.35222777627
2457934.41387 -10.336996141003617 1.1335161708921404 0.8216558973963835 1.0414417264878435 4.80631 0.447502 -3.72086258747 6.3523420384
2457935.44176 -19.603501533932402 0.912795032793247 0.6459016532175976 0.8599593046668109 13.8843 0.306047 -4.23025611291 6.36510318715
2457936.49387 -20.797644409334787 0.8129066217358591 -4.698119202644787 0.7078679750045254 9.72136 0.399675 -4.80836229388 6.37816520669
2457937.4829 -20.946731954246722 1.0019301908731808 -3.282688025716723 0.9162075585663811 11.2736 0.405497 -5.21200598824 6.39044392853
2457939.47918 -18.70979234519976 0.7550779249630246 1.1125353585102435 0.7076156502243764 13.4071 0.263482 -6.06393659128 6.41522770371
2457942.48144 -8.284193380527306 1.2041561494042397 0.7971774206026937 1.1248330447933355 2.62887 0.429817 -7.34882049797 6.45250080113
2457943.47027 -20.151772580315527 0.8330263698996098 1.5314045014944753 0.7865379604851386 15.2184 0.274392 -7.74044150388 6.46477708181
2457944.4626 -14.946517946442755 0.8918597926791559 0.6504289311272436 0.8080213980172227 9.11985 0.377512 -8.13965069587 6.47709687757
2457945.46232 -19.975357992605716 0.9109189490000609 0.3840503548842826 0.8004469593816791 13.8699 0.434808 -8.55707598716 6.48950834749
2457946.56973 -22.314304590919328 0.9338063534463852 12.736252279960672 0.825025861689096 28.5473 0.437409 -9.24525794113 6.50325687088
2457947.43181 -11.619022211854904 0.8387970335124492 0.18945730737509728 0.7956282763032526 5.29452 0.265624 -9.30397709623 6.51395951923
2457948.42847 -9.999851427537852 0.7484593441201083 2.1209016337621494 0.6621611500116136 5.59442 0.348904 -9.70689286644 6.5263330613
2457949.53914 -18.62076012682143 0.824961967568945 -0.32993808842142897 0.7473903085879727 11.7507 0.349242 -10.4073549268 6.5401220384
2457950.44862 -16.536553014032684 0.780365120112583 0.8228602231473138 0.6870426023467002 10.808 0.370057 -10.5792977159 6.55141323718
2457951.44329 -10.806909343631869 0.9283014307327512 0.6080027170081321 0.8352959692824291 4.85115 0.404999 -10.9701096894 6.56376206064
2457954.45825 -18.540301095968974 0.8988885993570552 0.8433915982110265 0.8392327221874089 12.7825 0.322008 -12.2114067228 6.60119269418
2457955.43396 -19.731185465335187 0.9141941204198324 1.9184206525648146 0.8811995713169583 15.0363 0.243389 -12.5401138526 6.6133061179
2457956.43031 -13.059626712530095 0.8047309358943461 1.4336390351499044 0.7368443724324629 7.86759 0.3235 -12.9213577387 6.62567574768
2457958.4503 -14.698120858059308 0.7805041790050622 -0.21628689344930915 0.7173925335681757 7.83108 0.307465 -13.7460333527 6.65075396461
2457959.56281 -15.50464674659052 1.1518281459451138 0.9650090562794801 1.0910089249109554 9.80509 0.369334 -14.3861635505 6.66456580287
2457960.4177 -8.81569111580024 0.778790283962192 3.2117380362097605 0.6977777463848439 5.35225 0.345862 -14.4122081917 6.67517915201
2457961.4206 -10.770266913262194 0.730379691979189 0.20849333328780592 0.6815762205649599 4.29113 0.262504 -14.7901985457 6.68763024655
2457962.42125 -7.598444142465004 0.7477991249650391 3.9762091273949953 0.680610453397153 4.8746 0.309795 -15.1573952684 6.70005326986
2457963.40783 -9.121179365599305 0.8199778097090634 -1.1064677569993049 0.7107905984404077 1.30241 0.408828 -15.4821533007 6.7123016086
2457964.4112 -9.15599949180577 0.8040835213198326 -0.7455810208357703 0.7149742136623543 1.68566 0.367916 -15.8472135952 6.72475847097
2457965.43617 -9.416137828563635 0.8159452417504655 -0.11867436215363439 0.7739350127337732 2.55998 0.25844 -16.2646235779 6.73748346641
2457968.40634 -9.171249071633568 0.7527153559595866 -2.8140140278835686 0.695077131850392 -0.417123 0.288874 -17.2104403589 6.77435804375
2457969.41943 -10.558053366628647 0.8374869330160646 -2.8309328061686467 0.7799872446499714 0.940185 0.304966 -17.5768973056 6.78693556046
2457970.40873 -9.380931378181627 0.8898324288008678 0.6488062815683735 0.7768428472481751 3.23052 0.433955 -17.8758863582 6.79921765975
2457971.38819 -10.496520677410379 0.743050083909183 0.21750698509962088 0.6406991454438222 3.90265 0.376335 -18.144071139 6.81137766251
2457974.41873 -1.298216447999546 0.6961940462357012 5.550785402810454 0.6961940462357012 nan nan -19.1617911365 6.84900185081
2457975.37752 -3.313151466719207 0.6727720465859727 3.547753724130793 0.6727720465859727 nan nan -19.3577655385 6.86090519085
2457976.4003 -8.402080616490176 0.7586607824368787 3.3575423916898246 0.6934858200740207 4.88602 0.307642 -19.7155591934 6.87360300818
2457977.42212 -7.975278437884028 0.8058273691649956 6.179130351795972 0.7014352809307344 7.26812 0.396669 -20.0642206832 6.88628878968
2457979.45648 -11.384288921446805 0.8092989577914823 1.6977964299631951 0.7764646299693113 6.17054 0.228183 -20.7159773639 6.91154535141
2457981.38669 -11.746187040065312 0.8489397089541073 -4.053452155885311 0.7745684469684293 0.757226 0.34748 -21.097497902 6.93550888418
2457982.45718 -13.791572061567544 0.7995465200068638 1.931757003692456 0.6529820827971363 8.77453 0.461399 -21.5322068605 6.94879906526
2457985.42615 -16.71626290735486 0.9820854709510148 -3.9132441643248606 0.8464019327654425 5.81736 0.498092 -22.2266202842 6.98565874303
2457986.43457 -13.071484631025172 0.7867403890125259 -6.535087346995173 0.7108975053603582 -0.461781 0.337024 -22.4872424958 6.99817828403
2457987.41118 -10.65854236069625 0.8034584661998063 -1.408229484246251 0.7085318812214064 2.24001 0.378851 -22.6692086641 7.01030287645
2457989.34064 -13.095140885683401 0.7560285747001255 -11.069353750243401 0.6923535309320689 -5.00847 0.303687 -22.9460848135 7.03425713544
2457990.43037 -18.172641765324375 0.8013174145446766 -6.469705697984375 0.7327010855434604 4.65515 0.324436 -23.3751956891 7.04778606734
2457998.4249 -15.551824364266155 0.8040452847577069 -14.368886287296155 0.7382558671762128 -5.9641 0.318539 -24.8201140644 7.14703807697
2457999.3184 -17.279531624934428 0.7840978800872799 -1.0981507980444267 0.6409622473386138 9.02325 0.451638 -24.731363768 7.15813082689
2458000.41045 -21.653932362591505 0.8385246464743406 -4.986023679721507 0.696373152490041 9.49622 0.467106 -25.0871398772 7.17168868287
2458001.44578 -22.249842360155576 0.7170412931959034 -1.2412000999155763 0.6231525495190191 13.8241 0.354724 -25.2869861384 7.18454226024
2458002.3257 -19.315324475639944 0.7848747298922494 -2.4845080183499415 0.6749447275254704 9.63535 0.400597 -25.1678146827 7.19546645729
2458005.31848 -12.527020551258786 0.9062988727571692 -9.308468815998786 0.7782578033222125 -4.01407 0.464427 -25.5091063342 7.23262173526
2458006.31515 -8.169667423046697 1.0285424013536417 -0.7487530383966966 0.9434972748520878 0.175919 0.409527 -25.6074601896 7.24499538465
2458007.31147 -11.471215173501463 0.6457298436391822 -0.23228042711146207 0.5674331743608957 3.98157 0.308199 -25.6982782866 7.25736474639
2458008.38256 -11.314537310095353 0.7789444896817257 0.4104649459646464 0.6916434137303152 4.45434 0.358307 -25.9478238912 7.27066225606
2458009.33638 -9.02106594156013 0.7379980626949946 0.36520798244986996 0.6188518716668514 2.10377 0.402074 -25.9342557456 7.28250392401
2458010.309 -10.017696267436097 0.65164050121739 -0.786727199026098 0.49809560988112644 1.93639 0.420162 -25.9491786976 7.29457906841
2458017.33224 -9.036966930697915 0.9096061626769982 0.5816955421620842 0.8497894868136308 2.23689 0.324409 -26.3282563636 7.38177247286
2458021.30699 -8.216618149697133 0.8206788642130454 0.34546073040286596 0.6848634915558094 1.13096 0.45219 -26.2818683229 7.4311188801
2458022.28686 -7.954169084841548 0.8278032623869629 0.22664792549845186 0.6945857928071225 0.737533 0.450343 -26.22014975 7.44328401034
2458023.36654 -11.38370052189453 0.7410912318348652 3.164247658195469 0.6373992286773793 7.09126 0.378072 -26.3490418135 7.45668818009
2458027.34917 -5.134625229718754 1.2291996652130548 4.1396172044412465 1.1723140640885812 1.76811 0.36961 -26.1335603993 7.50613243416
2458028.37782 -6.431513687537022 0.8293784997262856 -1.2404905282670216 0.7796026307082502 -2.32788 0.282999 -26.109321795 7.51890315927
2458030.37113 -21.482533811948926 1.1860051632688196 -1.6696837190389273 0.9525336989793587 12.2692 0.706603 -25.9459524985 7.54365009291
2458032.30819 -19.126036335800933 1.1773054164995027 -44.23723766348093 0.591701654230464 -32.6789 1.01781 -25.6659738377 7.56769867232
2458048.26678 -10.337041456985357 0.8414543440912275 -0.7221671571953558 0.7948344073862165 1.84905 0.276195 -23.0997603849 7.76582429979
2458055.25951 -10.380276294199337 0.7227457361928594 -0.7448573111993372 0.6936942077522043 1.78278 0.202854 -21.3961080545 7.852638983
2458056.2613 -12.485797107054752 0.7805048700182167 -5.640480871954752 0.6315210657786114 -1.01976 0.45866 -21.1306000962 7.8650762351
2458057.24132 -13.452968190711157 0.7835688661352617 -17.613525075211157 0.7163305543368226 -12.0378 0.31757 -20.8253497781 7.8772431155
2458058.25992 -11.93260709000543 0.7740878474825644 -1.9405180295254307 0.664927799126484 2.1022 0.396337 -20.5738042058 7.88988906048
2458059.25522 -8.024622283714645 0.7160574382397251 1.538883413235355 0.6400654438551091 1.66126 0.321021 -20.2809146086 7.90224569695
2458060.25697 -8.817794716406983 1.0070150131803002 -0.6356963539469836 0.9428174779725502 0.267416 0.3538 -19.9915891184 7.91468236246
2458065.24358 -9.986930188518848 0.8453905926665898 -1.9866266730888484 0.803500796480108 0.0237124 0.262815 -18.4304875356 7.97659111543
2458066.24346 -9.94449826117711 0.9868944767446578 -2.710783708837109 0.9535841497367246 -0.75529 0.25424 -18.1045663059 7.98900455234
2458074.24197 -9.641675779104535 0.6486395769000025 -0.5466597641845351 0.6037075607651557 1.00671 0.237214 -15.2809441294 8.08830601492
2458136.74976 -12.918184926577412 0.6993234838514505 10.527754452352587 0.6472067341932791 14.5816 0.264909 12.9542459701 8.86433937893
2458138.74691 12.049214126897224 0.9689825941174743 20.938347997937225 0.9689825941174743 nan nan 13.7651873668 8.88913387104
2458139.75945 -14.75708965858599 0.9180050250677253 -7.85034505631599 0.8566641595914907 -1.99496 0.329939 14.1526892054 8.90170460227
2458140.74707 -14.349583795583618 0.8053088078149483 -8.921967900863617 0.6850939919860145 -3.48635 0.423283 14.5549502739 8.91396589472
2458141.76593 -14.76852749305294 0.7201724237395045 -9.40323245538294 0.5521701673133315 -3.56132 0.462338 14.9250406134 8.92661503767
2458158.76296 -13.467312082754368 0.8567021490878343 1.9569808453056325 0.7867163609915035 6.28666 0.33914 20.6757181714 9.13763292806
2458161.74664 -14.799074192388039 1.0825504128513113 -6.650548866918039 0.9580027910833789 -1.02615 0.504129 21.5430624026 9.17467532547
2458165.7429 -17.055209589478167 0.869868872363372 -56.681120810118166 0.7528223555439386 -48.8502 0.43581 22.5760283437 9.22428877936
2458169.70441 -11.295589542349694 1.0306492765892161 -54.45801861010969 0.9488079422611693 -52.4359 0.402494 23.5425085255 9.27347093224
2458170.74654 -13.118922622490622 0.9082742360914364 -41.52531374200062 0.8240766086302186 -37.6928 0.381916 23.6842753571 9.28640888049
2458171.69764 -8.756899033274138 1.3461058873350573 -0.7273522016141387 1.2500878140983145 -1.26867 0.499281 23.9610598626 9.29821683166
2458172.74516 -22.019802242965348 0.7889152441913623 -3.453420554535347 0.592789459498494 9.25516 0.520565 24.0775161299 9.31122168843
2458175.74237 -13.493273326147031 0.7755487052191188 1.6971987781129692 0.683723677312737 5.84204 0.366057 24.6108059908 9.34843210426
2458177.71419 -11.540628326811913 1.5429095386950085 -4.076556103581913 1.4968172461914127 -1.90884 0.37431 24.977055331 9.37291222323
2458179.66423 -7.917341683631324 1.2335839604722763 4.035920229528675 1.1365672711764432 2.55614 0.479525 25.3412472536 9.39712191316
2458184.74165 -12.072742128621792 1.229542204714603 6.335075889988209 1.1522897383685435 8.94766 0.428955 25.803726479 9.46015801861
2458186.68117 -9.562990462656419 1.1154534722967493 7.689486617593581 1.057968920007991 7.76824 0.353466 26.10424234 9.48423708025
2458188.69156 -2.601758890829677 1.1704105113144234 -2.7611028172096774 1.107106191184608 -9.66854 0.379706 26.2410188158 9.50919607362
2458199.69002 -15.0852167160403 1.090909653927656 -0.5113248909502985 1.0257021672744766 4.92815 0.371509 26.5029105706 9.64574182509
2458200.68964 -13.3729378226105 1.0628486074351116 1.6720642361095008 0.9630258932774114 5.38685 0.449698 26.4767044176 9.65815205872
2458202.68279 -9.555146072509704 1.2215972372057338 -1.1761290413997034 1.1815071304925255 -1.30388 0.310388 26.4135502037 9.68289703111
2458207.71251 -13.30785661190779 1.2082233890894678 -15.891015642807789 1.1451577164054039 -12.3285 0.38525 26.0181698827 9.7453409691
2458212.61468 -14.796995797849831 0.9941436026114526 6.052005511320168 0.9314441403134585 11.0428 0.347467 25.7317640885 9.80620130917
2458212.72065 -9.955932116009306 1.3542275513221804 13.949384754980693 1.2950783423712515 14.0978 0.395859 25.4924687107 9.80751687099
2458213.66625 -7.898336054947878 0.6888975326847032 1.9209205125521225 0.6888975326847032 nan nan 25.5004965017 9.8192565675
2458225.58057 -11.893376061452212 0.8956450578170964 -5.597803405972212 0.789982554749274 -3.6716 0.422028 23.6571711165 9.96717265548
2458237.53271 -8.955472695351041 1.2079708770833817 0.6343726166489578 1.0848586084212055 -0.525713 0.531296 20.7461805241 10.115558312
2458238.50536 -11.111142292778617 1.1374908161936523 7.850381428321383 1.0053832031026286 8.83389 0.532062 20.5094145723 10.1276337211
2458241.68868 -12.33981153093621 0.7480402288102012 -1.9086879508362102 0.6831161923380371 0.263969 0.304822 19.1819937667 10.1671545801
2458244.60914 -13.701158165546397 0.8094867803415132 -2.925854106946398 0.7731255233004982 0.571892 0.239887 18.4449076965 10.2034120586
2458245.59293 -11.193194973774307 1.1295053498202037 1.635380900325694 1.079542283762642 2.61295 0.332221 18.161550019 10.2156258741
2458245.59777 -12.925366729327157 0.8049808453519085 0.15088918587284278 0.7373698201089283 2.86057 0.322924 18.1490964286 10.2156859152
2458246.55001 -12.217292219517425 0.9652388805024651 -1.0769152634174248 0.9264426779880405 0.912869 0.270906 17.9373525726 10.2275079561
2458247.62551 -11.215509008082748 0.8653547328542092 2.2939613339172524 0.6445436413255348 3.26861 0.57741 17.4095117735 10.240860342
2458249.66494 -11.813003675341452 0.82971028865665 -3.815573923841452 0.7096223505490096 -2.26875 0.429948 16.617448869 10.2661797515
2458251.5671 -8.200735376147573 1.2359917394631232 2.665314701852425 1.140264801009431 0.576255 0.47694 16.1680297569 10.289795078
2458259.64931 -12.95397225595079 0.9059367927963908 -2.9703356348507897 0.867082476768047 -0.406499 0.262468 12.9368927323 10.3901356211
2458261.56686 -9.892128798042252 0.8063164217115998 9.126303130157748 0.7574842416326549 8.60449 0.27634 12.370072149 10.4139419282
2458263.4541 -13.676533280602406 0.9424475396196249 -0.8278812441024069 0.890039310780195 2.41128 0.309899 11.843117394 10.4373720365
2458264.51791 -12.852151315792273 0.9682077690032054 2.201347847507727 0.8690350664053577 4.60292 0.426854 11.296923529 10.4505791633
2458265.46542 -12.856161825991826 0.9022717113658253 3.184260674608173 0.7307126960071346 5.57808 0.529295 11.0152217203 10.4623425006
2458266.57116 -10.913828993067979 0.7911789088523672 -2.1640186620679778 0.711669552205813 -1.72626 0.345674 10.3422786681 10.476070331
2458269.55429 -12.25733298965314 0.9970929199610968 1.9426828591468603 0.8566257012695488 3.68691 0.510281 9.14920771351 10.5131058488
2458270.46384 -10.658498227029563 0.9344654169968943 2.976879593170438 0.7918071580594479 3.11098 0.496253 8.96200775088 10.5243978202
2458271.45147 -14.657528325225607 0.7939419325701829 -2.5725890282256074 0.673908666135313 1.54828 0.419751 8.5707438927 10.536659297
2458273.46883 -6.055539433659975 1.148130902956326 6.471315277040025 1.0681341303199279 1.96515 0.421063 7.6869079098 10.5617047107
2458277.64819 -12.835541135570427 1.0625110442578218 1.9100603650295729 0.9233723735009874 4.13201 0.525655 5.497478398 10.6135915006
2458280.6502 -11.664967155581996 0.8563813903209756 1.969714174018003 0.7736228303243688 2.98382 0.367283 4.18356670117 10.6508613296
2458283.55229 -10.5298767534874 0.8862860083783626 5.1459839633126 0.7923238914978211 4.98897 0.397147 3.10775200195 10.6868907168
2458284.53651 -11.095151301391695 0.8553723575253717 7.202258515508304 0.6725945606340511 7.5983 0.528468 2.70685393337 10.6991098169
2458287.54854 -4.440906669985118 1.4179401149663546 3.551257516714882 1.2854514517657984 -2.74434 0.598472 1.33885233766 10.7365041867
2458287.55224 -10.432908660002182 1.129733859905342 -2.5396685853021816 1.085521019811511 -2.84331 0.312958 1.32875451378 10.7365500747
2458289.50302 -16.15646029867668 1.4885864559802 1.5300987321233204 1.4297336258501763 6.92579 0.414429 0.57573253202 10.7607690308
2458289.50744 -11.908575539017143 0.8643798426771797 6.350468382882856 0.7601784557474817 7.49822 0.411438 0.563530434248 10.7608239219
2458290.49098 -10.240780604799378 0.9782638604563114 9.412353864900624 0.8387592818168307 8.8801 0.503471 0.165319386135 10.7730344697
2458291.54971 -9.64322342139576 0.747685612632775 4.572525231104241 0.687587401660362 3.42957 0.293696 -0.438997819392 10.7861786525
2458292.48166 -10.758624820895406 0.8705764448206464 0.34167993190459395 0.8330238589935801 0.302556 0.252932 -0.694238028529 10.7977487528
2458293.3994 -10.117791183390079 0.7466605215342131 4.2239912769099215 0.6959071594176505 3.53264 0.270583 -0.926519621158 10.8091424603
2458294.46899 -10.575954909276316 0.662089184708363 6.400476561023685 0.570042743262981 6.15401 0.336769 -1.54195482968 10.8224214703
2458295.43004 -10.091794903975781 0.7789366254603727 4.820677961924219 0.6744387318078587 4.07812 0.389711 -1.8792307964 10.8343528659
2458296.59659 -8.154414224893419 0.7925093906572341 12.971521369006583 0.7557820664126005 10.2771 0.238463 -2.75868491613 10.8488355939
2458297.50738 -12.420236697461943 1.0653109539682541 5.645596387838057 0.9872374239770045 7.20569 0.400312 -2.96530370501 10.8601430853
2458299.52392 -7.9825638938579315 0.854868184948195 2.331687443642068 0.7832616699243117 -0.570927 0.342492 -3.88500116456 10.8851783375
2458300.47019 -9.166401289858037 0.9015617564533586 6.941055027241964 0.8476199487142012 5.21053 0.307171 -4.17353806082 10.8969263171
2458301.63917 -9.845233953068055 0.8160219346289157 9.705755193231944 0.7298437557083833 8.63955 0.364993 -5.02005597116 10.9114391463
2458302.53934 -8.995412288759805 0.7166583894250191 1.5641714043401937 0.6675052857949983 -0.363031 0.260837 -5.23052890331 10.9226146931
2458305.52917 -9.922057826518563 0.7638490287064872 3.3780856304814373 0.6480849681753496 2.34041 0.404291 -6.49900639734 10.959733457
2458306.45851 -10.25736225811951 0.82246226065824 0.6063729629804896 0.7572851758525733 -0.107536 0.320879 -6.73697240392 10.9712712211
2458307.51602 -6.387838704924453 0.997966025087267 7.307841505275547 0.9414728966850184 2.71128 0.331006 -7.32186648781 10.9844002102
2458309.44519 -10.280896022850424 0.7977916100005717 2.8158147493495767 0.6865691049437808 2.08836 0.406318 -7.98122693987 11.0083507722
2458310.59714 -7.892402924736395 0.9638126402665046 13.368249270063604 0.8929231160276291 10.238 0.362799 -8.78311327661 11.0226521948
2458313.40868 -14.111159894345855 0.8958446375824314 -0.40328243264585484 0.8226716558653263 2.65032 0.354611 -9.56216507467 11.0575574617
2458314.48444 -9.51419345634356 1.0975785896873886 3.2708295469564383 1.0385087163255575 1.71411 0.355216 -10.1803885719 11.0709130033
2458315.38828 -6.802502461202745 1.274940875293404 4.822470636097256 1.2205705686251456 0.542839 0.36835 -10.3308008776 11.0821340973
2458316.44025 -11.520381822089373 0.8348583911913139 -1.3020124846893724 0.736475160377829 -0.876825 0.393183 -10.8757157431 11.0951943374
2458317.40793 -11.144659232380217 1.0456567328937787 3.9829089004197833 0.887517565530447 4.02036 0.552911 -11.190462638 11.1072081328
2458318.41033 -12.176125078585859 0.9055684031516374 2.2471278333141407 0.7934725572082544 3.3036 0.436412 -11.5953679342 11.1196529119
2458319.40973 -11.681986270448906 1.026197953931045 4.125924173051093 0.9455955004166757 4.67585 0.398662 -11.9884805883 11.1320604435
2458320.49489 -12.93874712200753 0.9991614563846669 -2.3539924937075303 0.960958911660498 -0.560778 0.273645 -12.6063669919 11.1455326283
2458321.39967 -10.780714073217672 0.9558397249422274 2.432381388882328 0.8627471917825249 2.05633 0.411457 -12.7396882271 11.1567654621
2458322.44983 -14.08911163383679 0.8582970495419183 -0.7753984337367895 0.7907406305555332 2.14391 0.333771 -13.2582703078 11.1698032001
2458323.4616 -13.45888447985606 1.0095537622534176 0.9265798848439408 0.862369345742316 3.2031 0.524898 -13.6689919118 11.1823643647
2458324.43132 -11.850958657744172 0.9572340371343266 4.254004762155829 0.8846968272936675 4.91056 0.365525 -13.9639165375 11.1944034199
2458325.41232 -11.697734494483377 0.8138442549886999 4.2605079974166244 0.7154724914027876 4.75166 0.387868 -14.284845571 11.2065824919
2458326.51414 -10.968553443478534 0.7386917712737491 4.875908061821466 0.6149254529603966 4.6242 0.409307 -14.9123499096 11.2202615053
2458327.41665 -12.287985212669705 1.0314734536288879 0.016971003530294595 0.9363630122218122 1.07349 0.432622 -15.0293492921 11.2314662162
2458328.46675 -12.508965642029635 0.9305798433930722 -0.8352814893296352 0.8545819929681849 0.429181 0.368332 -15.5215071969 11.2445031527
2458329.44107 -12.970883199393194 0.8193932223351973 -1.040754844493193 0.7086570291084807 0.673529 0.411352 -15.8116060573 11.2565993549
2458330.41869 -14.396687474521249 0.8448701552120975 -0.7621809699212496 0.7693194184759109 2.36577 0.349218 -16.1051501716 11.2687365046
2458331.50609 -10.05791821268786 0.9042316141862101 9.29762833181214 0.8558095206322486 8.07331 0.291933 -16.6701186649 11.2822365445
2458332.40508 -12.02413234298456 0.8566982813050865 4.34730520341544 0.7955474179124014 5.07804 0.317862 -16.7627964196 11.2933975464
2458333.35881 -12.507415874163565 0.8567160639581404 1.4081521817364349 0.7383965830689687 2.61033 0.434434 -16.981326321 11.3052380559
2458336.38697 -13.180356394907744 0.9518033120695897 1.2089862462922563 0.7993632815976981 3.04651 0.51667 -18.0529231306 11.3428326412
2458337.39613 -12.058886157986858 0.8237495620205105 3.277635192813143 0.7038124380152591 3.98116 0.428032 -18.4006237391 11.3553613508
2458339.49483 -11.436221768915518 0.9184818916388787 4.833854833384482 0.8559820867194201 4.88866 0.333022 -19.2694667735 11.3814166023
2458340.37606 -11.297779892013622 0.940064641729543 1.886297245286378 0.8442942134475956 1.79172 0.413387 -19.288326056 11.3923571373
2458342.34052 -10.71171202100901 1.0589179912420836 0.7050338797909914 1.0589179912420836 nan nan -19.7950705633 11.4167459008
2458342.3436 -13.843180536645523 0.9221785909912364 -0.05376640214552164 0.8234700073916367 2.37263 0.415103 -19.8030114619 11.4167841345
2458343.35025 -11.740605827005732 0.817487359814792 2.4676457981942685 0.7101193514726656 2.77897 0.404989 -20.110824844 11.4292816252
2458344.38586 -10.1827263419699 1.0837237712923735 3.7213624314301 1.0206119323343052 2.46195 0.364429 -20.4876526927 11.4421387734
2458345.36095 -10.185997480349805 0.8626797027925667 3.6845670083501947 0.7251369622252553 2.41632 0.467325 -20.7008083712 11.4542444887
2458346.40179 -10.538061196211551 0.8635614538858012 5.244525284688447 0.8162506579092961 4.31542 0.28191 -21.0769244266 11.4671664809
2458348.37593 -11.137868273883235 0.7894760971991995 4.902657161116763 0.6821258473917258 4.54885 0.397463 -21.5346823594 11.491675435
2458349.3684 -11.426889714805585 0.8055239771768163 4.245207165494416 0.7305195879172277 4.1681 0.339426 -21.7678382882 11.5039968803
2458350.49209 -9.34821153482827 0.7184276547814455 5.540305933671729 0.6402104865071861 3.37057 0.325989 -22.287479986 11.5179474685
2458351.36415 -13.35524160803737 0.9357924273229655 -0.02894745353736799 0.8820887652759261 1.79752 0.312453 -22.2432798608 11.5287741545
2458352.34232 -10.064660110124999 0.7952396243696586 3.2043979417750013 0.6450827600847784 1.72814 0.465053 -22.4215345087 11.5409180519
2458353.34593 -10.055853703261835 0.9030888409235629 3.4459041450381656 0.6801333503193798 1.94838 0.594128 -22.658603903 11.5533778483
2458356.34559 -8.890892806454 0.785966293124511 3.8025958196459997 0.7383047458217269 1.10287 0.269535 -23.304418823 11.5906186261
2458357.38514 -10.946054944148338 0.8144252416320419 3.7014096028516614 0.6821850834476006 3.04394 0.444873 -23.604754157 11.603524547
2458360.45375 -7.146877404345936 0.9440544502762044 14.800943986754064 0.8620043692959488 10.3062 0.384951 -24.316114711 11.6416213911
2458362.32252 -9.980854439719907 0.9275923032787116 4.455177674480092 0.7708379134039174 2.77121 0.515981 -24.3740154971 11.6648221142
2458365.31476 -8.111160932596004 1.1573328265865048 4.304901859903996 1.0443685233435125 0.714092 0.498712 -24.8328285344 11.7019707925
2458366.35778 -9.5134615914037 0.8443060639637112 7.1198781793962995 0.7800449376522448 4.91842 0.323083 -25.0821768396 11.7149197708
2458367.30617 -13.812237532636502 0.8161888486755543 -2.033734678536502 0.7071842876494971 0.0518088 0.407498 -25.0961937469 11.7266940541
2458378.34898 15.4085591612263 1.6176754689194786 6.1934495481263 0.9067294049736422 -21.0789 1.33967 -26.2017330002 11.8637903869
2458382.38537 -7.691186482420595 0.6754680417907573 10.836155630679405 0.6350086820757966 6.61344 0.230263 -26.3987814744 11.9139021131
2458385.31018 -9.101780333447094 0.7683133658296711 3.3587002557529066 0.7133176101173432 0.510267 0.285453 -26.2750741582 11.9502135892
2458390.30739 -9.716094007881154 0.7269884205567667 4.028669835818846 0.6567242096372132 1.73251 0.31181 -26.164755001 12.0122538437
2458391.29957 -10.882114458444345 0.6890630479726604 3.7713474006556558 0.6199694617619266 2.62889 0.300742 -26.1061094474 12.0245718591
2458392.36553 -10.69129712501345 0.8483318863616917 3.6930686042865495 0.7833018222715852 2.34656 0.325738 -26.1741031274 12.0378057293
2458395.32122 -12.093562192192142 0.7850708350583077 3.508578311907858 0.7528778592428844 3.52764 0.222511 -25.9014156114 12.0745005041
2458397.28337 -11.081583668632435 0.9009362572525884 0.07831093976756635 0.8274221403995073 -0.938966 0.356453 -25.6581130382 12.0988606084
2458409.30821 -11.15499707212886 0.9641821010482277 -20.75264826922886 0.8717927408259228 -21.8458 0.411855 -23.9995269187 12.2481488029
2458414.2779 -11.682082429619733 0.8079546682755129 1.351797973080268 0.7649636751553593 0.724033 0.260041 -22.9325522291 12.3098474027
2458510.75601 -8.315607979862119 1.417247630949008 -4.729206115162118 1.3562284827810451 -9.92122 0.411382 16.3268640177 13.5076218647
2458511.76051 -11.513887184711985 1.415648743899814 11.423675600188014 1.31261245114509 9.41747 0.530198 16.6873315399 13.5200927849
2458528.68536 -14.442358532642046 0.7677112329248151 7.3797859867579545 0.7035593751190725 8.09193 0.307221 22.0824609701 13.7302145194
2458533.70677 -1.977510327666053 1.4132718070442687 12.977644932433947 1.3582568936785018 1.1626 0.390481 23.2511118664 13.7925552601
2458534.73247 -12.458816409383726 0.8439672278813418 15.219172914716275 0.7966757499313738 13.8727 0.278547 23.4305569289 13.8052893241
2458535.74931 -13.657278718883196 0.6564273509078952 12.409234668416804 0.5588935064025676 12.2486 0.344289 23.6120114971 13.8179133873
2458536.75349 -14.125915859646366 0.775880210168914 -1.5724755795463656 0.6989561456599105 -1.27694 0.336824 23.8076610728 13.8303802801
2458537.68107 -11.325485254271591 0.7211041678287677 -0.48528916807159084 0.6742691598901879 -3.0017 0.255641 24.1165143291 13.8418960862
2458539.68439 -11.778040962932653 0.7822462698593734 2.2798913425673453 0.6861169597815694 0.191165 0.375703 24.4889075483 13.8667673055
2458540.72277 -13.15762526971556 0.659295091092553 -1.6604564068155594 0.5419601742884229 -2.38249 0.375432 24.6075757265 13.8796588629
2458544.72341 -8.999869960263883 0.9531611851601551 1.4850467412361177 0.8770919267647557 -3.44441 0.37313 25.2343453784 13.9293267015
2458545.73668 -11.112471929078593 0.8744109238847996 8.639584490921408 0.8307812812317504 5.81015 0.272758 25.3462652015 13.94190642
2458546.68957 -10.01756176900248 1.110635299773375 -1.4169152695024805 1.01961597552544 -5.35309 0.440334 25.5599827645 13.9537364995
2458553.73136 -13.693674928224663 0.734636307993501 12.348185298175338 0.66892939325935 12.0007 0.303684 26.1553901441 14.0411602264
2458556.67409 -12.467884572480884 1.0199840971957856 14.001409659719117 0.9713259946090714 12.3916 0.311277 26.4316037143 14.0776942322
2458557.70811 -12.177702406396609 0.6923521912645394 5.768529172703392 0.6041165111299387 3.8557 0.338223 26.4041836943 14.0905315791
2458559.73527 -11.084834333426958 0.7137705146354556 0.8576043829730432 0.6175906138227516 -2.17326 0.357841 26.3971096041 14.1156987164
2458560.61077 -10.1274695811458 1.0620177512453806 8.960928482554202 0.9814204756531703 4.96183 0.405827 26.6414655461 14.1265680637
2458564.63084 -8.384590710386801 1.052228783425123 8.7099164441132 0.9495110483081881 2.91803 0.453447 26.6086691579 14.1764771545
2458568.64827 -9.611409574724346 0.9998393899159519 7.4971340019756525 0.8923965502014801 2.88219 0.450896 26.4537688259 14.2263535767
2458569.64534 4.8828311787060485 1.6990617221416655 19.59053928290605 1.643222390178214 0.468976 0.432008 26.4091259075 14.2387321042
2458576.65326 -6.731516138593523 0.9876393983249526 3.323929256306477 0.9146388926361454 -4.27029 0.372649 25.8175579317 14.3257353949
2458585.67582 -11.336589701845247 0.7337980776841678 12.967520680554754 0.6516371540880553 9.86636 0.337385 24.4522879533 14.4377503824
2458587.64013 -11.105546352594885 0.7896120744380466 6.5118109000051145 0.6531460707210563 3.15522 0.44372 24.1667143701 14.4621372526
2458589.55717 -9.345194837436441 0.9364600818929625 9.929542381863559 0.8811626194352402 4.7888 0.317033 23.9445124317 14.4859372193
2458590.68269 -5.460818377444323 1.2997875949240927 16.001892212755678 1.1975288028196054 6.9628 0.505344 23.4554947071 14.4999105902
2458598.55522 -10.012679940803238 1.1679300544019238 7.806487960196763 1.1155078482979313 3.22152 0.345981 21.8785379776 14.597647901
2458599.63479 -7.601262403522215 0.8128122741647962 12.343118377377785 0.7483020406279458 5.33333 0.317345 21.431389499 14.6110507809
2458600.50679 -10.696730056168162 0.8105478069443676 4.054054508931837 0.7342940684373828 0.128908 0.34322 21.438476119 14.6218765651
2458602.5321 -9.92307591991421 0.7166234499680995 8.127934930785791 0.637387983899274 3.40399 0.327545 20.843159148 14.6470208507
2458603.50481 -14.233655322554203 0.8842825397182676 12.117141679445798 0.7913314153669052 11.6917 0.394652 20.6067234649 14.659097002
2458604.53744 -12.660633520378033 0.9029081785049747 5.507513592521967 0.819771206768798 3.49623 0.378442 20.2552100006 14.6719171129
2458605.54872 -13.242473935735722 0.8611277030353015 1.7696211514642772 0.796380836603854 0.327623 0.327595 19.93332286 14.6844720872
2458608.59132 -11.574512224282326 0.9241872166583395 8.249293717417675 0.8391134762895234 5.10156 0.387312 18.900069851 14.7222459417
2458609.62315 1.859562128616206 0.9497442669810995 2.4789182637162055 0.7441248592101101 -14.1157 0.590163 18.4945837014 14.7350561351
2458615.67417 -12.770194760052624 0.8143360862956185 3.6266446309473763 0.7317410427482286 1.58666 0.357349 16.3151923758 14.810179391
2458616.66999 -9.359683067842582 0.735186081916264 5.924472505657417 0.5990946126567886 0.461613 0.426127 15.9699510185 14.8225425735
2458619.4595 -11.289323804495785 0.9223819360882493 21.265550449804216 0.8538116981641252 17.6977 0.34899 15.3912237931 14.8571742543
2458621.4781 -8.715532661152231 1.1428728983060978 8.039022493147769 1.0643172305654833 1.87232 0.416398 14.6186017792 14.8822351543
2458626.5743 -13.129805409323158 0.8075080394839456 4.063268997576842 0.7595808652185793 2.24757 0.274055 12.4696297579 14.9455044069
2458627.6228 -11.816828381535718 0.8044706297217438 -4.683126914335717 0.7451977930428263 -7.82482 0.303073 11.9433352943 14.9585214672
2458629.65186 -9.497827353033012 0.8883341016676514 16.511884951566987 0.8140894199666724 11.026 0.355522 11.0671136387 14.9837123046
2458630.5849 -10.304956005504343 0.6996973742719852 16.212839909795658 0.5626362211536958 11.5225 0.415953 10.8398047552 14.9952959153
2458631.53921 -10.742357702963773 0.8913595427060382 6.466045976236228 0.8131122461088122 2.20126 0.365199 10.5548178265 15.0071436792
2458637.66752 -12.93727674825233 0.9416080185821764 7.85383983064767 0.8527786852954594 5.70789 0.399242 7.70358182051 15.0832265789
2458638.45957 -14.174466716744124 0.7754696842681457 2.871893117455875 0.6887882065794518 1.9533 0.356264 7.81439240102 15.0930598342
2458640.6539 -10.416815278347617 1.0089840403921004 10.854447220752382 0.964093300060719 6.15096 0.297612 6.44588442095 15.1203024991
2458643.43613 -15.2284216005139 0.8667612603760931 10.1343221420861 0.8288421840934217 10.2079 0.253566 5.70568268408 15.1548437426
2458644.50307 -13.669409384711336 1.030297912425703 11.163010447088663 0.9873652386972925 9.66433 0.294319 5.10378270542 15.1680898318
2458645.41527 -14.35657702829776 1.1353415998848804 4.8633877079022385 1.0706043386915447 4.04055 0.377898 4.87905095815 15.1794147362
2458646.52509 -9.950396510082511 0.9615757524966497 11.645986666617489 0.8732037556547144 6.40319 0.40267 4.16840157421 15.1931931767
2458647.41702 -12.782061385033888 0.9395987102762957 6.205115075466112 0.8666832701649884 3.78291 0.362913 4.00251813573 15.2042664605
2458650.42809 -13.807807385709756 1.086483950304317 28.869341487690246 1.0374219518806578 27.4355 0.322805 2.66461324563 15.2416488734
2458651.6562 16.363662128178742 1.0742588396369952 31.620558034978743 1.0742588396369952 nan nan 1.64253233961 15.2568959068
2458651.6573 -2.556968319683911 1.795756640454321 39.78944122851609 1.090941556471193 27.0895 1.42639 1.64031572794 15.2569095482
2458651.65952 -14.949236584308037 0.9231099200924487 29.34900041969196 0.832037431444095 29.0413 0.399807 1.63589401102 15.256937004
2458656.50829 -11.676234979021892 0.9454537967569354 13.704199494678107 0.763243136517522 10.0633 0.557981 -0.188419330043 15.3171344737
2458657.65417 -10.537268063866687 0.7580801900129301 15.904192533833312 0.705096586196558 11.1101 0.278432 -0.989637167494 15.3313605977
2458658.55993 -9.448929559910363 0.8804702506090594 17.631675965189636 0.8100268605494387 11.738 0.345086 -1.21391088719 15.3426055251
2458659.42955 -11.70112942310699 0.9266386401416858 5.297552437793011 0.802582256536757 1.64528 0.463164 -1.30467401191 15.3534018609
2458660.40168 -11.415374624492781 0.8923943466411084 8.690006288807218 0.8023106790645447 4.73991 0.390724 -1.67896667701 15.3654709133
2458661.38858 -9.587515951653824 0.9626483559132235 11.599637269846177 0.910123931773268 5.80943 0.313634 -2.09039512839 15.3777232215
2458662.40483 -9.555040532465199 1.1098049248063684 8.9736494422348 0.9950483713847629 3.13835 0.491473 -2.56904157128 15.3903399747
2458663.42598 -9.522383412335307 0.6695571222913934 10.649694075664693 0.582445137339245 4.76906 0.330249 -3.06263035814 15.403017488
2458664.40517 -10.239734802251341 0.872227826868871 11.682019308048659 0.8248316901546601 6.50658 0.283609 -3.4513459923 15.4151741103
2458665.66024 -8.676563903356318 0.8883701185783264 9.339471928743682 0.8441106996726612 2.58528 0.276909 -4.51285657478 15.4307558321
2458666.43771 -7.7749418151903855 0.9655951897534377 13.677306339609615 0.8884814776206521 6.01184 0.37812 -4.41389854976 15.4404081548
2458668.64937 -9.02715128829863 1.0014217731867705 11.78843456630137 0.9717594407200454 5.34772 0.241928 -5.80029163961 15.4678658546
2458669.5651 -7.636760604911775 0.8042096428643888 10.837044028388226 0.7590463395446075 2.99457 0.26571 -6.06346457785 15.4792346333
2458678.44342 -11.17806411711437 1.0300019936303988 0.13297471678563078 0.9998013820762581 -4.27842 0.247591 -9.5407451051 15.5894588339
2458679.43967 -10.30714744946221 0.849897570935783 5.8286278394377895 0.7494587696908646 0.533948 0.400796 -9.93946012068 15.6018272889
2458680.3946 -11.005709858700481 0.8349339412051914 4.695879994799519 0.7546186138490317 0.0879072 0.357303 -10.2249106781 15.6136826535
2458681.41293 -10.848860685732904 0.7721804626245291 5.967644576667096 0.7239464351062389 1.19018 0.268634 -10.6768818973 15.6263252624
2458682.40031 -12.35995032029699 0.7633570105211771 6.993543277103011 0.7281084093154181 3.71491 0.229286 -11.0440681661 15.6385835974
2458684.58472 -13.067049101809213 1.0757340149290902 0.33574383079078707 1.0093132607998667 -2.26291 0.372143 -12.2885868968 15.6657029326
2458688.43287 -12.317710289695409 0.8623484225183159 6.343577401904591 0.7416886122860643 2.94781 0.439935 -13.4772623639 15.7134776916
2458690.42825 -11.86078736294191 0.8298979407178754 7.273813019858092 0.7157838721616813 3.39635 0.419981 -14.2218629074 15.7382503828
2458691.38976 -11.99316247781045 0.740376573987008 3.059283971789549 0.674096259882622 -0.697741 0.306189 -14.4918195937 15.7501874496
2458693.55659 -13.09407708647574 0.8327511410340515 12.67216152032426 0.7567474991154677 9.98915 0.347574 -15.6294892389 15.7770886068
2458695.40221 -12.592820562054634 1.030639744935781 6.037421387945366 0.9835407647028626 2.83024 0.308003 -15.9804249575 15.80000195
2458696.35957 -11.446135394868268 0.948418200964315 7.0112422310317335 0.9074236349662641 2.64549 0.275825 -16.2205955824 15.8118876259
2458697.37184 -14.108536593103464 0.783815287841334 7.735398329296535 0.7108571268748689 6.01948 0.330225 -16.6007141002 15.8244549224
2458699.48973 -12.757821912030117 1.0007738683965781 9.874236582369882 0.8840652630753294 6.78131 0.469017 -17.580840952 15.8507484944
2458700.38475 -11.83179396857059 0.9419168787598586 7.278796114729409 0.8726857405571116 3.24873 0.354439 -17.6473003257 15.8618600833
2458701.37955 -11.62409138441373 0.9017962939910692 8.11815912448627 0.8282844711999778 3.86804 0.356625 -17.9599857763 15.8742105089
2458702.50756 -8.771457154488045 1.2067057394914975 8.754157585811955 1.1555478070152363 1.6374 0.347632 -18.5915573034 15.8882147403
2458704.40707 -13.305782762875943 0.9609768850520041 5.843064428224058 0.7669002400627168 3.23705 0.579086 -18.9781977901 15.9117971911
2458705.38868 -13.545028619977902 0.6275833863989857 2.879984207122099 0.5751684415543142 0.501029 0.251082 -19.2345270547 15.9239838271
2458706.40502 -13.106476375045073 0.878280350155753 5.086415360854927 0.8373437067899371 2.25629 0.265013 -19.575922105 15.9366017359
2458708.41345 -6.399338893449615 0.8568407495284895 9.562197489450385 0.8568407495284895 nan nan -20.1787885455 15.9615363829
2458709.38115 -14.113937162024747 0.7873964173768344 8.113383128275252 0.7305682060299873 6.25377 0.293706 -20.3788985602 15.9735502903
2458710.36225 -13.593538061897828 0.8036560865865942 8.668712555302172 0.7469999731617661 6.27652 0.296402 -20.6075592438 15.9857306172
2458711.36219 -11.62783049589997 0.8904862697476822 8.12243439050003 0.8252454483274305 3.75212 0.334568 -20.8798588764 15.9981448864
2458712.3595 -11.818981759097118 0.8583181000641209 1.996464722002883 0.7579083461617785 -2.19508 0.402846 -21.1399652662 16.0105264811
2458713.33854 -13.351315977434584 0.7806881884871485 4.418135312765417 0.7157846756129566 1.74677 0.311651 -21.3475777405 16.0226812902
2458714.35029 -9.804063682007063 0.8556356583272471 6.368058456592937 0.6983812636841724 0.13688 0.494344 -21.634050491 16.0352421386
2458715.45921 -9.807653121484856 0.8234350342369434 5.209106289015142 0.7319141111413252 -1.03225 0.377289 -22.1444824831 16.0490094105
2458718.35974 -12.468000886499027 0.9899682689683448 4.355086513200971 0.9551528674527345 0.738068 0.260231 -22.6264278342 16.0850193997
2458724.3467 -12.87062952911794 0.8386761431780879 6.250157954182059 0.7435962022328197 2.96144 0.387869 -23.8627444079 16.1593474833
2458727.35107 -8.411229882834391 1.179470799251411 9.300076796665607 1.0814793494384265 1.51466 0.470695 -24.4139992704 16.1966466795
2458737.35395 -13.590392128970562 0.9404359319199188 11.15493017012944 0.8616526388406677 8.42449 0.376795 -25.7350192236 16.3208322991
2458742.35858 -10.597269292348985 0.8146273999175125 8.248005424451016 0.7134399895824223 2.46231 0.393219 -26.1337425977 16.3829647168
2458743.35835 -10.964018188357564 0.872188074772413 9.164678622542437 0.8155464764065922 3.73332 0.309186 -26.1897857347 16.3953768109
2458744.34205 -11.343194975310713 0.8945401233101291 8.030274473689287 0.7772290679141517 2.96588 0.442851 -26.2056039049 16.407589449
2458745.30156 -10.957961631430091 0.8203224175160456 20.49784014376991 0.7082897905789477 15.0363 0.413829 -26.1588760044 16.4195017752
2458757.38022 -9.234677194098587 0.8844227355015426 11.81298092980141 0.7880475814238831 4.4782 0.401478 -26.2131887267 16.5694581239
2458758.35593 -14.681135088466867 0.7415893660580881 6.189486461333132 0.6623054280122103 4.28905 0.333626 -26.1160519986 16.5815715498
2458759.37555 -10.767692202133242 0.977503165240765 10.224587939866758 0.9302120759733848 4.39805 0.300363 -26.0733104736 16.594230142
2458760.33852 -11.777348453568383 0.7696944719314225 6.699276878131617 0.6905270017260666 1.87044 0.340003 -25.9408112767 16.6061853317
2458761.28615 -12.265120486197599 0.7701026814525936 6.641679681902399 0.7317139658913686 2.28885 0.24011 -25.759328177 16.6179501681
2458762.38242 -11.20123329090696 0.9220788140047459 6.7111971418930425 0.7891166638789215 1.28087 0.476995 -25.8213747922 16.6315604328
2458763.32449 -11.115270839798924 0.7233111291647741 5.462306906701075 0.6692898644179669 -0.0656784 0.274281 -25.6400808494 16.6432561465
2458764.28552 -14.413039453256182 0.9530835538455654 3.2266278721438173 0.852425803074316 0.98448 0.426308 -25.4622655853 16.6551873254
2458765.31704 -14.863772294945477 1.0023558937400996 5.026261395554524 0.9296249599201357 3.22204 0.374853 -25.4061419461 16.6679936905
2458766.33449 -10.65532504853249 0.7327564672253783 10.883660248567512 0.6611421190308608 4.85836 0.315948 -25.3118507269 16.6806252971
2458773.3084 -12.282446020423286 0.856087522654124 6.887250294076715 0.7951049994277959 2.40249 0.317323 -24.222201362 16.7672063145
2458774.30601 -10.564950789814267 0.7730614870755316 6.9938798237857345 0.7171882044138987 0.779239 0.288557 -24.0407305773 16.7795916136
2458777.34308 -8.646679956962299 1.2902283815046407 -4.7307831458623 1.2264217682800174 -12.9014 0.400723 -23.5067209758 16.8172968111
2458778.28011 -0.7498752833546831 1.6046764729493839 17.515074745645315 1.5797268793729107 1.43602 0.281868 -23.2191626836 16.828930029
2458783.27549 -11.890589339057616 0.6876775539487526 -4.060431725157616 0.6418807581170661 -9.06079 0.246758 -22.0691275703 16.8909476139
2458785.26124 -12.981582845054039 0.9517897859324201 3.7712317208459623 0.8983288955617993 -0.162786 0.314498 -21.538064408 16.9156005659
2458786.31266 -11.469353738633979 1.105036362787708 10.428140265466022 1.051087438664875 4.96884 0.341058 -21.3356348206 16.9286540041
