2457558.61611 19.4727605942 2457558.61566 22.757199 20.3116 car-20160619T02h32m34s-sci-gtoc-vis.fits 0.495884 1500.0 19487.9622688 19457.0017132
2457565.64744 18.810988452 2457565.64665 18.806464 2.86703 car-20160626T03h16m27s-sci-gtoc-vis.fits 0.486913125 1600.0 18828.3840661 18792.6181409
2457573.63847 17.8191686469 2457573.63767 17.81466 0.764746 car-20160704T03h00m30s-sci-gtoc-vis.fits 0.510134444444 1800.0 17840.1845732 17799.0332592
2457587.58055 15.3846133578 2457587.57976 15.380117 0.502068 car-20160718T01h38m10s-sci-gtoc-vis.fits 0.49233875 1600.0 15403.1090261 15365.4514364
2457597.5306 13.1623791412 2457597.53269 2.721585 -9.15891 car-20160728T00h35m13s-sci-gtoc-vis.fits 0.493743760399 420.7 13167.2550351 13157.3634362
2457610.65989 9.30260791435 2457610.6591 9.29813 -28.0962 car-20160810T03h39m37s-sci-gtoc-vis.fits 0.480568041055 565.1 9307.59218325 9297.31258086
2457614.5447 8.31207858977 2457614.54391 8.307582 -0.26964 car-20160814T00h50m49s-sci-gtoc-vis.fits 0.521410669531 837.9 8322.80999506 8302.26483651
2457615.49427 8.11103998626 2457615.49348 8.106544 -1.30064 car-20160814T23h38m43s-sci-gtoc-vis.fits 0.481544521365 837.8 8120.89660113 8100.38327813
2457620.40681 6.71468500166 2457620.40602 6.710203 1.8735 car-20160819T21h32m15s-sci-gtoc-vis.fits 0.50688910111 837.7 6723.45643418 6705.99513072
2457630.50015 3.22422237051 2457630.49936 3.219719 6.81802 car-20160829T23h47m04s-sci-gtoc-vis.fits 0.526947095719 733.4 3233.86324423 3215.59359597
2457633.49062 2.22117938431 2457633.48984 2.216669 11.716 car-20160901T23h33m44s-sci-gtoc-vis.fits 0.49355129959 731.0 2230.20016328 2211.94907118
2457634.38979 2.09128599625 2457634.389 2.086787 8.56954 car-20160902T21h10m16s-sci-gtoc-vis.fits 0.50722738967 505.3 2097.05868523 2085.63171824
2457635.46161 1.59723676215 2457635.46082 1.592729 6.4931 car-20160903T22h53m13s-sci-gtoc-vis.fits 0.475860566449 596.7 1604.37502752 1589.37101692
2457636.56414 1.04257311222 2457636.56335 1.038069 6.96278 car-20160905T01h19m44s-sci-gtoc-vis.fits 0.477389175959 735.4 1049.98691208 1034.58777644
2457646.47712 -2.22288701739 2457646.47633 -2.227437 3.65252 car-20160914T23h04m24s-sci-gtoc-vis.fits 0.529802266163 1800.4 -2199.44531891 -2243.38691181
2457704.33751 -18.2046280469 2457704.33672 -18.209333 2.40526 car-20161111T19h55m40s-sci-gtoc-vis.fits 0.507806336684 785.9 -18196.024536 -18212.8763907
2457850.67244 10.0755064317 2457850.67164 10.070754 nan car-20170407T03h56m50s-sci-gtoc-vis.fits 0.504917832556 1801.2 10078.1745567 10071.7168888
2457861.65881 13.1142352137 2457861.65801 13.109512 13.9909 car-20170418T03h36m28s-sci-gtoc-vis.fits 0.509571444432 1801.4 13119.1498444 13108.3891062
2457896.57907 19.3064361022 2457896.57827 19.301811 4.83339 car-20170523T01h38m57s-sci-gtoc-vis.fits 0.507391714793 1800.8 19314.6530636 19297.3881321
2457997.39006 2.84889196577 2457997.38926 2.844382 15.5449 car-20170831T21h00m23s-sci-gtoc-vis.fits 0.515763802775 1693.5 2867.95743007 2830.44763553
2458009.37932 -1.23049876493 2458009.37852 -1.235028 4.51619 car-20170912T20h44m50s-sci-gtoc-vis.fits 0.48656043529 1801.1 -1210.09045051 -1252.52449415
2458301.65923 18.1174605067 2458301.65843 18.112907 11.5631 car-20180702T03h33m11s-sci-gtoc-vis.fits 0.508199215895 1504.9 18134.7506962 18100.8366547
2458320.60673 14.7823374894 2458320.60593 14.777805 0.200845 car-20180721T02h19m01s-sci-gtoc-vis.fits 0.481982129683 1219.9 14796.2582206 14767.4457982
2458327.53455 13.2654966196 2458327.53375 13.260964 2.43999 car-20180728T00h28m31s-sci-gtoc-vis.fits 0.529415357282 1801.1 13287.7927935 13245.4172363
2458343.5888 8.68523634295 2458343.588 8.680713 3.79093 car-20180813T01h45m44s-sci-gtoc-vis.fits 0.531214039765 1800.6 8707.57908155 8665.96692483
2458355.44149 5.17665068048 2458355.44069 5.172122 1.55189 car-20180824T22h13m43s-sci-gtoc-vis.fits 0.514078165769 1801.3 5198.48465274 5155.61581102
2458365.53316 1.62623936532 2458365.53236 1.621705 5.41649 car-20180904T00h24m58s-sci-gtoc-vis.fits 0.533951693504 1801.0 1648.91817951 1606.91708052
2458383.33247 -4.14769637753 2458383.33166 -4.15224 1.99605 car-20180921T19h39m19s-sci-gtoc-vis.fits 0.496710483714 1544.3 -4130.96978805 -4165.11797522
2458417.33698 -14.5109477642 2458417.33618 -14.515567 -0.346836 car-20181025T19h44m57s-sci-gtoc-vis.fits 0.507444068173 1801.3 -14488.9787835 -14532.167735
2458483.33234 -19.2024742243 2458483.33154 -19.207261 4.17497 car-20181230T19h43m45s-sci-gtoc-vis.fits 0.523569010489 1801.9 -19196.3310225 -19206.9419508
2458618.62824 18.3297304741 2458618.62743 18.325052 2.11726 car-20190515T02h52m30s-sci-gtoc-vis.fits 0.441787697091 1801.2 18338.9162493 18317.0492568
2458636.53607 19.9026235581 2458636.53527 19.897977 2.42852 car-20190602T00h35m55s-sci-gtoc-vis.fits 0.516198567383 1800.9 19909.5555382 19895.0138877
2458641.60428 19.9162976214 2458641.60348 19.911665 0.633615 car-20190607T02h14m10s-sci-gtoc-vis.fits 0.499438645197 1801.0 19931.132 19900.6759885
2458647.557 19.8917096949 2458647.5562 19.887086 2.31939 car-20190613T01h08m01s-sci-gtoc-vis.fits 0.415997224535 1801.5 19902.2332252 19875.8504714
2458658.47305 19.3378214817 2458658.47225 19.333223 12.8607 car-20190623T23h04m30s-sci-gtoc-vis.fits 0.469715237302 1801.5 19344.8970837 19328.6008612
2458666.58243 18.3086464465 2458666.58163 18.304058 5.63279 car-20190702T01h43m33s-sci-gtoc-vis.fits 0.507236550689 1399.7 18323.6611464 18293.7957041
2458681.51651 15.8728805509 2458681.51571 15.868315 0.72089 car-20190717T00h04m59s-sci-gtoc-vis.fits 0.506185036107 1689.4 15890.2792184 15855.3610616
2458696.39936 12.5406048582 2458696.39856 12.536058 2.89822 car-20190731T21h14m33s-sci-gtoc-vis.fits 0.499266396401 1800.7 12552.9752475 12527.1353808
2458744.45642 -2.9448256901 2458744.45562 -2.949394 4.01548 car-20190917T22h37m08s-sci-gtoc-vis.fits 0.485568367039 1656.5 -2924.78905139 -2965.86499567
