2457467.41671 0.2108374785651837 0.0030136433689577436 0.20428197086757394 0.0029613520833321272
2457499.37135 0.22340352631669552 0.0009022468594268475 0.21162722795336544 0.0008797203378994591
2457555.37464 0.20587907287490523 0.001660946400382144 0.203112189540257 0.001594359903581888
2458105.57328 0.21440084851670776 0.0014489275567629723 0.21574250956043664 0.0014265652397413464
2458122.45286 0.21086988543823004 0.0013046852667610712 0.2124638175238114 0.0012750708341980708
2458130.66117 0.21251296400160163 0.0018267016387016192 0.21084274366012307 0.0017758844901301536
2458131.49145 0.2111880588725182 0.008101028968137133 0.2105840354790885 0.007699835030644318
2458132.39372 0.21017349384011957 0.0032797022823472842 0.20825643982346412 0.0032106611779239786
2458134.41383 0.21457444863660946 0.0015870899173544993 0.21753661538255695 0.0015271593568856215
2458160.33274 0.20029651651930036 0.00341768896694467 0.20538932571919172 0.003425242871726991
2458161.37036 0.22371736696577751 0.001250708791606578 0.2149461138688707 0.0012271968916489006
2458167.31995 0.22976261723301794 0.0027319145789592865 0.21972181729177903 0.002638236338957365
2458187.50542 0.21515386761025998 0.00649704852020635 0.21189881531969382 0.006318176204390488
2458199.3235 0.2097137344213876 0.01021525218112199 0.227758685347961 0.01003767418178252
2458206.40375 0.21192765334684371 0.002707374595338343 0.19903475476867655 0.002673234390140928
2458211.41433 0.21562480879444224 0.001701168066860659 0.20564289353534682 0.00161802027882556
2458217.36617 0.21008708621718078 0.0033779557416553155 0.20507470472958836 0.0032570572661101086
2458229.47009 0.21890712198681406 0.002521519754084239 0.2016998608396033 0.0023902241946866577
2458237.44785 0.20477602830301292 0.0038537706917204746 0.19932472690377148 0.0037720564784439544
2458258.37791 0.214641538566341 0.0027043833114732616 0.20329940299134433 0.002595983545352661
2458263.43879 0.21910625337932013 0.0025469278091619744 0.19527359424260293 0.002392456848185031
2458265.44641 0.22296016330135712 0.001405708953799127 0.2050273562358525 0.0013111721928807634
2458270.3468 0.2181595549757795 0.0013514995382843118 0.2073372432227512 0.0012898781430378712
2458271.43819 0.2107227604758281 0.0025886038600796994 0.19364123291379184 0.002480042604285306
2458290.36545 0.2101724968120151 0.0016874158768635243 0.21372047225543964 0.0016162190429174124
2458299.35326 0.21897917723085267 0.001235189210109305 0.21403749813027906 0.0012083258224693148
2458383.70118 0.2068035390880196 0.0013666573653497804 0.22373068501552584 0.0013570095765216695
2458385.68178 0.20922208793653463 0.001569029037493599 0.22808612214534893 0.0016161639353958763
2458386.6702 0.20661262658608673 0.0017012321500078816 0.21567053337025155 0.0017203825048390396
2458391.66718 0.2130741471577295 0.0021468795636307857 0.2130210070490845 0.0021132311653901895
2458392.69892 0.21080703435451187 0.00967757339220508 0.20318507623160414 0.009563196731221957
2458393.7162 0.21357241186684697 0.0016883963916611486 0.2144623264595317 0.0016468965688485311
2458399.66111 0.21702026142676015 0.0019579827766982734 0.21766944531524487 0.0019421810802634132
2458410.64141 0.2033674291870721 0.021185192839697446 0.22489468985240418 0.021242429820033472
2458413.69185 0.22121617187748316 0.0014076176650279272 0.21758642874456016 0.0013855050803925593
2458417.56694 0.2065628776162392 0.003549777062047436 0.20322047697973725 0.00345938469152316
2458424.69799 0.21581338811623857 0.002239058258497729 0.20673994730800038 0.002185014452499693
2458430.70433 0.21449168540203456 0.0019918800713006604 0.20506127830241663 0.0019545063923053
2458433.57916 0.2086850733069512 0.0017907788731441204 0.22064127535412367 0.0017555236214058286
2458451.51207 0.21441579998571086 0.001647806498722319 0.2117818595465977 0.0016012391108641835
2458454.63129 0.20379236767641382 0.0019151711605508532 0.21952564411420458 0.0018771035197878664
2458455.75059 0.21711533740752886 0.0014818452513677062 0.21621231197748889 0.0014699716158774424
2458458.68105 0.2180196197815972 0.0011717043552943482 0.22605332122597127 0.0011445240556514713
2458462.69461 0.2047499464605705 0.001524314288129362 0.21725879436479403 0.001493897931545488
2458466.75157 0.19064047246873253 0.007191408154046483 0.2075144228359276 0.007122465289483122
2458469.61903 0.2219160024466179 0.0017176276656606536 0.21803890722540037 0.001669214705394565
2458470.62218 0.21410131298091886 0.0017460954071451334 0.2140883311667355 0.0017063196420999524
2458471.74714 0.21312341996136697 0.0022821798473003875 0.2144162325145483 0.002256498097845882
2458472.47359 0.21159442731088193 0.0024496639161755212 0.21353429540357666 0.0024416821969446027
2458473.41844 0.21701231947948585 0.0014735371598301656 0.22556049763556202 0.0014614703235056013
2458475.44393 0.20743253891339683 0.0025835927758222606 0.20674743598027565 0.002539979369586607
2458476.40495 0.21955227212574924 0.0015512270181370846 0.2232139967240526 0.0015232038700830682
2458477.43512 0.20459313118178515 0.0028447026597172337 0.20973662955768288 0.002790643990402601
2458478.46223 0.2641311421900699 0.023479901050216394 0.2381341139753013 0.02270083777533397
2458479.71038 0.2050060822357396 0.001448837803034939 0.21122982520381464 0.0014300217159080755
2458480.73582 0.2034899557355625 0.0014763125471326936 0.20963511815665156 0.0014624745668144021
2458485.76598 0.22437346819239 0.0012374169872650565 0.21738221021006418 0.0012146130694907701
2458486.40406 0.21745632113396432 0.0020020586475667924 0.22048916789979764 0.001968826996210424
2458487.42853 0.21857924646626786 0.0018349749543022462 0.21648597338080655 0.0017901724656848538
2458488.62244 0.2291312100235561 0.0015498273641837393 0.22078889856149278 0.0014875333324192246
2458490.62585 0.21899281205806548 0.001464498138330118 0.2164446485336979 0.0014191495908484535
2458491.77262 0.22147415479413976 0.001959117902687364 0.2104251955107549 0.0018681544566362999
2458492.51898 0.2126988965094284 0.001758191374871291 0.21222040565682826 0.0017103831321086578
2458494.36674 0.205909025010292 0.0055151792573526395 0.21271310888975176 0.005437917041404725
2458495.76284 0.20937475371087258 0.001279909145322536 0.21253849749682388 0.001253440106887766
2458496.46758 0.21348732358686331 0.0014398699048349325 0.21046230210312986 0.0013955417057521689
2458497.54743 0.20894779742509292 0.0014547254571736215 0.20748952457335376 0.0014409646090061197
2458498.63931 0.20837775917744417 0.0014152627015931118 0.21024814596907848 0.0013819553455114008
2458499.36021 0.19531102060759514 0.0021392999235526054 0.19855852491804787 0.002085199485725292
2458500.35752 0.18673242723507621 0.003864633683457284 0.19078838815000496 0.0037784239436268957
