2457395.33521 -7.16878177393 1.09948893224 -15.0834741997 11.0390065697 -14.1795243707 2.03330219779
2457397.29147 -12.3290365703 0.810649127978 10.9026409945 8.14587892422 -8.68413119454 1.75411027293
2457401.30787 -5.85780122584 0.765753221115 1.78526860714 5.51468475643 -4.25150762623 1.2451303528
2457414.38381 -10.6056157289 0.876817975341 10.4680181705 9.13425619354 -7.73445520801 1.65046812099
2457415.3644 -10.4010588035 1.08841219619 2.57295598991 11.3975519448 -10.1837646322 2.07881555712
2457419.37265 -6.38882588914 0.872891324633 10.3042328974 9.16877130099 -12.3369525978 2.19624926952
2457426.33008 -5.41574142267 0.925938030064 18.6322795311 9.0706092107 -0.175031666453 1.6193491802
2457593.69155 -0.0201911709552 1.17835982197 -0.802502820521 10.0952279404 113.422487503 7.11131153451
2457611.61468 5.49295128098 1.61610808434 33.1100046504 15.7810893578 -19.8122531969 1.50967425197
2457629.40869 -3.88201518098 1.84957087259 24.5554861761 18.5946058866 -22.4171184226 2.59337730428
2457630.58197 -6.96284222972 1.58485617221 6.656001269 15.4297653908 -19.3718952777 2.27825461396
2457633.49758 -9.76323611852 1.82390521263 32.8133178726 18.021930046 -18.4800198836 2.25948542841
2457634.67962 -11.2565544284 1.16834738295 7.20937983551 11.8719782195 -20.0303301804 2.04053271255
2457635.62631 -10.7138349988 1.74041543371 42.2363821673 16.5575586332 -19.28096337 2.10330747244
2457636.60843 -9.1766125841 1.55068608645 -7.17344685642 15.7043264297 -24.6276149953 2.02533133211
2457644.61237 -4.79566761515 0.839765259408 2.44472901114 7.33516925085 -13.5662585849 1.33579213468
2457645.61239 -5.69338291584 1.17933218068 4.23042870268 11.9506572635 -12.2865770517 1.41600436906
2457646.6292 -3.98143112586 0.941774637167 -15.3698883935 9.2369594403 -10.0448156737 0.983414741891
2457647.43027 -6.76824842202 1.19032151088 -2.85876152851 12.1856769838 -18.2132146464 1.58761869917
2457649.62402 -0.75159613202 1.21649222421 -5.20209988808 12.3692910738 -29.6158185254 2.29019592752
2457653.52612 -4.15404563127 0.973665747201 8.56007175143 9.71194769882 -14.3959203862 1.82734505042
2457657.40392 -4.32251960336 1.29904756601 1.8022489081 13.311421996 -15.7324638727 1.27613476594
2457678.38716 -0.732410388892 1.42173274243 8.14717586052 14.1785782688 -6.52035372539 1.67900006734
2457685.42486 0.92443218696 2.48837178918 -25.0921894283 25.9241451246 -24.2383588792 3.01403556109
2457688.4553 -0.952597732158 1.70134349833 19.2207392913 17.283912142 -15.1419776179 1.92853889332
2457692.44992 0.237829421734 1.1235759425 14.3284109665 10.723722393 -13.5059069682 2.05573155425
2457695.43985 0.341701912206 1.33288692297 -3.56085567935 13.4581311752 -11.2413954117 1.77557448106
2457698.47814 -4.44660602586 1.34930136515 -9.45136337049 13.7546142963 -14.6671799915 1.9487891008
2457703.42307 -3.44553506641 1.18801440827 20.9267898373 11.3028388412 -11.1998978056 1.41049194462
2457704.40718 -2.08116765739 1.09228577038 4.02296804916 10.4332417494 -14.459222437 1.29772362704
2457705.32154 -2.0577687787 1.29645832622 8.10279000665 13.0288036457 -14.0248099936 1.62371996474
2457709.55529 -1.22050912675 1.07801851927 9.35751825669 7.59034185662 -6.53506473981 1.06590618067
2457711.3094 -2.92589138138 1.31675671194 23.0596997645 13.2922230613 -17.5119938089 1.8539678733
2457712.486 -3.41295610439 1.07811324519 4.07664473693 11.0374714775 -9.32283005698 1.27354811087
2457754.28891 -5.13988646175 1.17700967463 1.88770326897 10.8537508425 -10.1407766736 1.7009601212
2457755.36499 -8.01550199799 1.10135887052 14.72461689 9.54297471087 -10.7982193896 1.77016288676
2457760.35983 -7.6138573682 0.981763798764 7.88144539216 9.85738057495 -6.76971128659 1.68427601636
2457761.37028 -6.23981354609 1.17446029564 33.4083442172 10.0580735555 -8.73784159886 2.00312634522
2457888.66067 -6.41483876302 0.993101680038 16.059062047 9.60104508881 -4.75424685671 1.08987746574
2457891.66324 -1.88528629071 1.27854249654 20.6671348414 11.3141352935 -5.21701053886 1.31505045554
2457936.67148 -14.0913687939 1.10759614898 -34.8060547673 8.80528854641 37.4939554917 1.55845197203
2457937.67783 -13.8987837242 1.43057856722 -16.9443172104 11.6584326858 119.245265139 5.56461001653
2457942.66161 -9.97464765222 1.32334238416 -20.3018498026 12.8129614518 -6.01777535787 1.90205005164
2457943.64241 -13.057442057 1.07362144167 -35.3022951801 8.78727216615 -0.579286937637 1.01807362123
2457944.64536 -9.20988878294 0.935782745043 -23.7427474017 8.43775127296 -4.45674493626 1.15943871874
2457945.58282 -9.42704108434 1.02563263716 -31.4390401184 8.41970022405 -3.38374515417 0.98314310956
2457949.50178 -8.553837887 0.79441456876 -18.2722876898 7.16934640154 -5.02737274145 1.09182471274
2457950.53831 -10.0772520664 0.722766464721 -19.4659752882 6.40587535514 -4.81966495264 1.16085323236
2457951.55942 -3.99391654407 1.06976857892 -37.8122310973 8.0768050479 -6.90800761448 1.16677167044
2457955.61781 -9.08858031221 0.660822107749 -9.26183128108 6.17423589334 -4.95357974795 1.38101650911
2457960.63125 2.24066228154 0.86162945824 -26.4869023622 6.83977173513 -3.66549567709 1.59543964568
2457961.53093 -1.35662876171 0.907358240244 -20.3272252357 8.23611898035 -8.10495384815 1.52133577904
2457962.60428 1.85939089683 0.923816845135 -20.4915408548 7.84575668418 -0.521435547742 1.37615210419
2457963.68411 0.459125147267 0.879749985104 -4.37964027491 7.81611342242 4.69926266338 1.59686814105
2457964.5815 -1.06818182358 0.761397492487 -14.3508513064 7.11106811689 -0.620201426495 1.2804993326
2457965.67424 1.91715108541 0.7125692095 -5.34783821729 6.47058227857 -2.90257591062 1.34244142357
2457968.51256 -3.75498723764 1.01397446546 9.76440731385 9.76781062398 -1.11232123294 1.28603905301
2457969.67455 -1.78290945748 0.977191512346 6.14713731785 9.20687006855 1.15171723732 0.983022172922
2457970.69504 -2.30990673635 0.92610660568 5.07977113395 8.01407753311 21.4202549249 1.92439972722
2457971.63505 -2.37480297773 0.903504525808 18.9025386766 8.47373230257 -0.0687675982877 0.829236888435
2457974.5893 -1.74115561526 1.24357428733 3.65340373731 12.8008576211 -5.0163042473 1.22438278821
2457976.45244 0.424839575513 0.933437660689 5.12858868827 9.2965166573 1.08295255705 1.1994566913
2457977.55423 -0.459943048012 0.888965913451 -5.12760705369 7.97674523437 1.18857742581 1.01022181842
2457979.51047 -2.21928568295 1.1574866865 26.1061257114 10.2217509484 -0.142909920617 1.55637101155
2457981.60028 -5.19598027016 1.17738956745 -2.40390416055 11.4456312532 -2.01126985676 1.4816459042
2457985.68327 -12.0381455654 0.927305668646 5.8693176273 8.79271375356 0.190170895599 1.09627259012
2457987.5047 -4.58875817548 1.17182926535 0.0149925282993 11.6572911114 0.422972136159 1.23885925566
2457990.50822 -7.87640344258 1.07236441717 12.0500301693 9.81645072532 -1.35434556006 1.3468241391
2457997.69504 -11.6957190287 0.863152513976 -1.7133084741 8.11884462739 -3.29119027288 1.08718732187
2457999.52428 -11.6543308445 0.924014370797 7.98527973438 7.29504951825 -5.78904269373 1.44947012939
2458000.53859 -13.0460797506 0.902154225501 -5.42361136747 7.62512407622 -5.95672325378 1.4907976488
2458001.45308 -9.90957316179 0.964251597192 -5.13632069052 8.37252434974 -4.50356398594 1.21428362371
2458002.47716 -8.61231547928 0.88278920253 6.25579895882 8.09477310311 -5.24765095778 1.48210288585
2458005.50358 -2.29798530996 0.901272339388 -18.2565913616 8.16694960238 -5.95519375392 1.1666536644
2458006.59972 0.0519772001498 0.873205206847 11.5281297521 8.56679948643 -16.3289897403 1.40716300371
2458007.53152 -1.13586097254 0.791686354488 7.17684191891 7.74087330837 -8.79997630127 1.40792917415
2458009.4733 1.42164399126 0.786288255158 10.571732375 7.42924084985 -4.62882391022 1.41978024245
2458010.70316 -1.07527552955 0.665567830049 -10.8601384871 5.95582046825 -0.695697671153 1.37988989888
2458017.57061 -1.81186395906 1.05842346129 -6.18851795552 6.87611980129 6.08846747406 0.922875363198
2458019.68104 -2.5315185183 0.709384735597 -10.9399073837 6.74951023032 -0.471310661438 0.853330424946
2458020.66851 0.908751681825 0.772822843191 -3.08761660888 7.06003709171 1.97795264256 0.857176125493
2458021.45425 -5.25781208394 0.876460310154 22.576274733 7.63745741336 4.09305229944 0.813844449683
2458023.58044 -4.19310541848 0.78313296529 6.36668004036 7.35113045351 2.09279944864 1.10891019938
2458025.6526 -5.47750534487 0.998584300004 -10.397625671 8.66290164708 3.1499627411 1.33025598689
2458026.71032 -5.41204478478 0.822926864272 -10.3434625354 8.15523051486 4.71312384404 1.18631493656
2458027.41939 -5.17205436523 1.01863802917 -5.38657967726 9.84495239282 1.09548122885 1.43752788683
2458028.39956 -1.89500680663 1.0653037969 -11.6620434701 10.2867138178 -1.27951190524 1.6732807235
2458029.68369 -7.28437131023 0.745073649904 10.0654807247 6.85170420755 3.99640241241 0.958148106902
2458030.42533 -16.2648425471 1.24026422516 10.6979291489 8.76093183294 2.20856667008 1.03059374935
2458031.7263 -13.965322001 1.15178342053 1.15996028542 8.47401726166 6.24183040585 1.67205876595
2458032.72231 -14.3720022484 1.16184901641 16.0664020066 8.88281900917 7.2016554146 1.00644475311
2458033.59461 -14.8979480712 1.46134737024 22.9012409429 7.31978963956 3.0667521906 1.35878982852
2458034.50646 -10.3897751626 1.20749214403 10.1450732509 7.73047676952 3.21750872288 1.30453145328
2458035.60864 -16.6869156516 1.29411549785 8.2944381304 8.81115309846 3.53110850355 1.22111087524
2458040.71563 -10.9121767032 1.29344273777 9.30511877042 9.85591045989 3.21553113328 1.04931942921
2458041.41915 -8.19175023987 0.900428211862 10.7925434542 9.08982253988 2.44374399446 1.03460467717
2458043.60015 -20.9458559143 0.741671240341 11.2058320038 7.60852252331 1.45046503042 1.12046567928
2458048.63904 0.36050009566 0.876305823111 -10.5382100231 8.475517264 -0.317151364108 1.11668839373
2458049.70133 2.5724792136 0.631315998566 -7.62225750347 6.61673639573 3.65655297676 0.875055684542
2458050.49651 0.193769369713 0.951679211999 4.28310123054 9.03332980868 -0.193238551238 0.942043554363
2458051.4413 1.306039896 0.742683964451 -19.8122707762 6.50068335431 0.34147610118 1.0327567586
2458052.43947 8.34035388629 1.88762844936 23.8450723994 19.7761195054 -31.1637785819 2.51187130036
2458052.44328 -0.350383992734 0.759716470887 -9.4219203361 6.85127585307 -2.73239369548 1.02278549729
2458053.49844 -1.90537110097 0.970408125779 2.64037623902 9.40704420714 -4.4785339964 1.14508180561
2458054.47201 -2.19271795483 0.738795563102 2.45635698992 6.80365785456 -2.56294541929 1.20216977691
2458055.27883 -4.00657484574 0.954048781173 18.9009463627 8.76226520698 -3.92863697052 1.14131439918
2458057.31177 -6.00136940383 0.871436065674 2.80045932278 7.55862736646 -2.27578766877 1.04225540568
2458059.59096 0.932987139371 0.847359689268 1.62903104568 8.67927727413 -4.31251063384 1.0477862552
2458060.36948 -0.80427079518 0.781200708202 3.77780576889 7.80008657053 1.65606301855 1.15344805799
2458066.26723 -2.06723475886 1.03531994016 -12.7901813593 10.3294558432 -8.48119152054 1.32297046761
2458074.4322 -5.82058207078 0.874491002256 -3.00248890728 7.53788401486 2.25971724211 1.19171540437
2458078.48831 -5.2568876842 0.867052505121 28.1964113966 6.62755389808 4.68670710895 1.0929735928
2458079.36175 -4.99192657727 0.86521029988 3.15115497112 7.93868652799 4.34765237573 1.25409007118
2458080.57739 3.84502128649 1.86789683824 -9.30684048422 17.9513926771 -156.149561441 9.70865274939
2458081.3803 -0.316931836306 1.00755902905 -4.43301909813 10.2138623677 -4.89560676256 1.99032906994
2458082.32301 -4.58822350376 0.953309909484 4.87745722256 9.36426082095 3.95541979364 1.43709500322
2458084.25466 -3.07509134599 0.782059899399 -5.68362108268 8.19853355721 3.70478638859 2.03012942763
2458096.29762 0.109907888421 4.21933033298 -46.3384270197 45.417292397 -21.7882580009 6.47397903024
2458099.30416 -3.69527211314 1.54535388861 -24.1395203106 15.4808808291 -11.7799495972 1.90171351756
2458114.31784 -3.47206134783 1.33429041546 -2.41886799931 13.4479606639 -16.4882858817 1.91447328522
