2457415.7633 0.6276130708997815 0.0011358970500662342 0.45902695860180304 0.0010949356319134792 0.43342797412059947 0.001045203483873796
2457418.76192 0.619926704967027 0.001453174650231997 0.46218313212630163 0.0013771612792514943 0.4367300447933357 0.0013380219484024935
2457422.73823 0.6253113853110804 0.0011284442899704538 0.4649508739675298 0.0010772582306807714 0.441839756873971 0.0010322583893416356
2457466.71297 0.6168572063416703 0.001286640349907753 0.4578374248974959 0.0012351080105612755 0.4329924575252294 0.0011752997034630511
2457476.63599 0.6247941863352819 0.001077643026527458 0.46196993551307236 0.0010519736404098023 0.4414829933094635 0.0009902286267165282
2457490.59735 0.6279882455580373 0.0017576351962471034 0.4718230141663451 0.0017259001562034974 0.4395595603820486 0.0016181233162391204
2457493.60064 0.6285481926856146 0.0016322284928061306 0.4634720611063228 0.0016081720690384025 0.43390022222153235 0.0015227125050643244
2457503.55829 0.6198882824499654 0.0011101986458165178 0.4728387615362312 0.0010702849804104355 0.4414884417128338 0.0010050422006617368
2457505.54567 0.6205549224072345 0.0017247578695637755 0.4697775684699114 0.0017109415571804443 0.43890276077519413 0.001616399386542632
2457510.57125 0.620046220785984 0.001093777658505638 0.4691823562677225 0.001050745908170395 0.44040420761395394 0.000987208935163925
2457528.48807 0.6291980642360339 0.0012177026708291455 0.4683619390086245 0.001182907497651048 0.4391857082953891 0.0011226113583330754
2457538.48051 0.6236242093972826 0.0020058021678617745 0.4669470331279466 0.0019873062728527177 0.4375163652759478 0.0018712682787499744
2457543.46553 0.6257567227349172 0.0016535103571052047 0.46212893004356614 0.0016422696946192786 0.4317633394031385 0.00154544257588331
2457555.44459 0.6255291634784375 0.001957969259761183 0.4641487777157368 0.001979300549807209 0.43068755418155363 0.0018427003112777309
2457606.33278 0.6276174795514525 0.0012392757773924744 0.47235882793737327 0.0012228918712678342 0.4377109457147549 0.0011397214081693106
2457793.7102 0.6235450175614894 0.001834378481082154 0.46451026768664216 0.0017702934995944574 0.43966335015906605 0.0016894574895426671
2457798.68966 0.6234576303201017 0.0013976568913425327 0.4648119996719703 0.001337131514985373 0.44061134710786204 0.00128153328616386
2457799.71263 0.6250129544493618 0.0016439285967013168 0.46363521571247257 0.0015660327788451294 0.44371184246856166 0.0015005850172878578
2457800.73753 0.6173550588217036 0.0013835918912615164 0.46733879526852506 0.0013042506920138556 0.43933621623157915 0.0012438582116144738
2457806.71061 0.6264955323356464 0.0016087014232584816 0.4535557094754978 0.0015370018307907264 0.4320291987397057 0.0014752685135600997
2457817.67208 0.6298477030616241 0.001825787774822588 0.4595888237609465 0.0017716214586744978 0.43068233804878925 0.001675271327892546
2457824.67537 0.6276556790314994 0.0010594844451324182 0.4587834146737371 0.0009942820635727013 0.44051855086892605 0.0009555644622549618
2457875.54531 0.6277184092055529 0.0009676783975175056 0.46838577683431265 0.0009317259992349904 0.4401121594695619 0.000875589887036796
2457907.53849 0.6304503750572645 0.0010586269008932352 0.47178292492918034 0.0010226417954101211 0.4417348886441631 0.0009628031738801677
2457914.48354 0.6286112088771285 0.0010239597127367696 0.4723833513298035 0.0009915426047902636 0.43942033815600584 0.0009318797908461583
2457922.46383 0.6269880479644133 0.0009372990479872734 0.47255737809204695 0.0009114807756893011 0.4398067719142151 0.0008531571113068171
2457931.49926 0.6188005946822387 0.0012636481848924462 0.4719140186356373 0.0012224333516249013 0.44124056413295987 0.001165087602178508
2457955.34849 0.6268791361667192 0.0009418039557312146 0.4734853018543356 0.0009203227231336662 0.44121421262971217 0.0008628676728016973
2457962.41003 0.6249424722893405 0.0008985088679468231 0.4754202525354662 0.000893934402081592 0.44017192219953843 0.0008259069931591308
2457969.40058 0.624834517369494 0.00128019835803669 0.47347106344618867 0.0012646248765879932 0.43067834565191987 0.001190360152847377
2457977.35274 0.6261654196388918 0.0009199890209681073 0.47036786405640435 0.0008995161862322477 0.440067856002166 0.0008456048966531863
2457985.33591 0.6274094378734908 0.001191641990342696 0.47299110706760483 0.0011744575198506144 0.4414752751288779 0.0010977252847239295
2458169.73471 0.6270471385317554 0.0011421679212912429 0.4646699427508798 0.0010784881680058693 0.44314130065273394 0.0010278069773243853
2458188.68512 0.6173775964536772 0.0023754146306264328 0.46253037126626634 0.002277298591419655 0.4383990030105826 0.0021412311968412078
2458215.58233 0.6289181202541034 0.001288872416097056 0.47197744949172415 0.0012330752199863318 0.44286590471580706 0.001154252730971263
2458263.47546 0.629364083375194 0.0010462287183668824 0.47106503376412784 0.0010048326156243375 0.4420516071784103 0.0009456212648264677
2458296.50239 0.6221693707207405 0.0010756238907141291 0.4721729131994073 0.0010304383688021653 0.4396227506389794 0.0009683330381776797
2458330.40095 0.6276285066439115 0.0009180168132292938 0.4705729516263492 0.0008904376995117868 0.43993643462317333 0.0008398616013585442
2458488.75321 0.6188552440343241 0.0012861034545070269 0.46698103950434994 0.0012082323276186237 0.4421627329891682 0.0011530521595267658
2458496.72723 0.6262382893453139 0.0010756308601524759 0.4645439206834747 0.0010169049237862742 0.439970533395827 0.0009730769948810685
2458511.73531 0.6229001227016255 0.0023616682399426473 0.45323401166008387 0.0022998963834495864 0.4341818380345703 0.0022105506434257263
2458525.69535 0.6263318144667075 0.0011245204964831093 0.464727614234701 0.0010561976030360378 0.4419180212368813 0.0010092523195546158
2458533.6936 0.6250869741998465 0.0011838377258423867 0.45388294437351073 0.0011195830143924301 0.4322826288769833 0.001072750671116952
2458541.6465 0.6190380064996409 0.001178178817949462 0.4607735141708948 0.0011108475589681156 0.433961294218055 0.0010448208892207362
2458553.69073 0.6218304714081244 0.0010804625982379485 0.4651327330198567 0.0010044164897633164 0.4439304840111381 0.000956123962753278
2458564.65057 0.6268168870291462 0.0014524360728742978 0.46398330760656276 0.001380378881443453 0.440047057707566 0.0013021146210785966
2458587.65824 0.6188402954691399 0.001101894564514551 0.4687700820258079 0.0010351311349176833 0.4410069969583912 0.0009753324525068231
2458598.57738 0.6196123212464714 0.0017998952790188553 0.4703132388120292 0.001728569593629668 0.43968076457543426 0.0016103265745190836
2458605.54369 0.6260928239169344 0.0010464573754454026 0.4693342021368281 0.001003523437079262 0.44075077603999024 0.0009408755281608975
2458619.51098 0.6256348634446804 0.0010972408437686877 0.47687574213498063 0.001059808185411148 0.44255716695820885 0.000990935748921227
2458631.46008 0.6270933765375636 0.0012534337166067752 0.4725054272033498 0.0012089785592632786 0.4399157271965272 0.0011329814859277897
2458643.41978 0.620162098633396 0.0011073306590033164 0.4705239385743996 0.0010529706129335885 0.4434927943972791 0.0009802510744630034
2458659.46089 0.6271578484364467 0.0010079698396029844 0.47435437922086143 0.0009786136355582665 0.4419995564497883 0.000917555619512812
2458680.40129 0.6290901274132465 0.001031645633875443 0.47309328327061984 0.0009995363990233908 0.4391281200078728 0.000933053520962958
