2457735.61864 -4.341776980063106 2.0288721896885864 6.22482 0.224152 -12.7133046926 1.86849854678 30.4503306478 0.0 -5.166580769650319 0.7581500007492242 -4.749813961963481 0.7574463615986426 -0.416766807686838 0.032656284801352915 0
2457747.73496 -4.350155667319734 2.3345007073994175 33.0602 0.259919 15.3581839103 1.64412222917 29.3616191838 0.000701907750601 -3.9227953871936925 1.636825513564143 -2.976750117032275 1.6360594993053306 -0.9460452701614175 0.050070715865774856 0
2457752.68632 -1.0114425571906294 1.6134117087245916 23.4194 0.27627 13.2833524038 1.38652807119 28.7238842745 0.000988743637843 0.30417316027720354 0.7773751583030882 1.0288970368937072 0.7762234078988701 -0.7247238766165036 0.04230080113444566 0
2457755.71271 -1.1853954327468834 1.9200414091697102 1.50234 0.264758 -13.323491904 1.61907269487 28.0905899782 0.00116406523699 -4.211833593666543 0.997529860748927 -3.367030119805039 0.9964475038785048 -0.844803473861504 0.046456378464866936 0
2457759.69737 -5.168098386962722 2.298279086000603 20.01 0.448854 1.32446770983 1.93295510921 27.2468863726 0.00139489927554 -4.089061859550703 1.1594401190210226 -3.3140583476282104 1.1586041298417027 -0.7750035119224921 0.044021130258476614 0
2457762.68735 -2.006561674394402 2.0536967780365227 7.37497 0.309309 -5.58813957559 1.88381613785 26.5245293041 0.00156811148357 -1.528349069819024 0.7571229473614571 -0.7989384946347386 0.75593142470375 -0.7294105751842854 0.04245984652184461 0
2457766.73853 -7.7657985991883764 3.159490708550419 8.48736 0.46318 -10.3483886752 3.03838177604 25.2931296645 0.00180279937117 -1.6419859325250519 0.7321762138009956 -0.6796964721695692 0.7304216077211378 -0.9622894603554828 0.05065849415477673 0
2457779.50256 6.768464915315783 2.6927023597407294 1.11668 0.433432 -4.6100421793 2.58974310229 21.4773763255 0.00254223011789 -3.0679623818492083 0.5966685542730554 -3.1793819904510143 0.5961876442569178 0.11141960860180582 0.02395112719027834 0
2457787.4821 0.4937068918760614 8.450963099500521 6.69424 0.571884 -4.8985738501 8.38352545118 18.2470525175 0.00300449070139 -2.6597582897894867 0.8990144654422959 -2.8642748484553957 0.8986892452135514 0.20451655866590898 0.024179528779411822 0
2457791.4683 -4.133644718516166 4.658694152030561 5.99397 0.424278 -7.5621660591 4.58342278084 16.5110702759 0.00323541463529 0.004040187702739728 0.7180912149439522 -0.26326903724871054 0.7176673106705543 0.26730922495145026 0.024670309575997248 0
2457794.61232 2.4626397534625446 1.896345268629507 -19.058 0.473884 -28.0403419817 1.69321629922 14.7826322683 0.00341755012543 -2.018632342385971 0.7103364670846164 -1.630622755872751 0.7096214411673203 -0.3880095865132199 0.03186387775945933 0
2457798.50131 0.45724003624618403 3.209811187137481 15.3229 0.480218 5.39455162846 3.12086661048 13.195502665 0.00364284220637 -0.9594643071096108 0.5766022278225013 -1.0765716559100231 0.5761047145043935 0.1171073488004123 0.023947589767718064 0
2457801.45363 6.134632042244301 2.451944559897076 nan nan -3.82399288721 2.36763607453 11.8539120235 0.00381387261921 -0.5326718591877275 0.6374414038898303 -0.8667324167893113 0.636932338994606 0.33406055760158376 0.025470354059140884 3
2457801.60451 10.100149268754947 1.937557640122638 nan nan -0.545000056432 1.82961493546 11.4643147233 0.00382261344449 -1.219204995744371 0.6376823635159636 -0.8667324167893113 0.636932338994606 -0.3524725789550596 0.030919124860932734 3
2457806.50996 4.156474667603602 5.195916285123129 7.52195 0.567351 2.29599473319 5.11065079612 9.23148411673 0.00410679008201 0.043230218392972745 0.7462622360025913 -0.034517961198504706 0.7458756084668199 0.07774817959147745 0.02401877552746441 0
2457814.551 4.210117376655866 1.816743203947399 13.1135 0.31583 7.67265112957 1.43895068955 4.98643417568 0.00457261369823 -0.22577191789929213 1.063121908923339 -0.11678017215074667 1.0628093261682163 -0.10899174574854548 0.025778468586519117 0
2457817.51401 15.367231352720012 3.3075590145266927 11.1247 0.337384 16.4423340582 3.18673934781 3.52004355749 0.00474426287924 -0.6245746144834368 0.8190305246230185 -0.6838945115089776 0.818676186547329 0.05931989702554091 0.024089455049460112 0
2457821.53063 -2.169376261169317 1.7282489019551186 13.2694 0.401167 4.56512446039 1.27330463402 1.37993170297 0.00497694921091 2.8898907152358904 1.0975448119320939 2.906195027180634 1.0972685751511126 -0.01630431194474377 0.024622919910163278 0
2457828.48531 -3.932282859539918 4.290172215613709 -6.09105 0.385237 -24.6114636918 4.22316409588 -2.13773039719 0.00537983905117 -5.1637437284735075 0.6496576888789822 -5.353654168343104 0.6492103875543793 0.18991043986959585 0.024103638959151134 0
2457832.53421 -8.959478981764036 2.3834569486601875 7.46316 0.409452 -12.7575348056 1.75002583434 -4.34412828544 0.00561439527726 -1.83706327624939 1.5654474328281633 -1.8044692718330253 1.565251176740389 -0.032594004416364536 0.024787469840932372 0
2457848.47846 4.193696688167894 2.3954116549368294 4.67661 0.594641 -1.84416466114 2.04338760066 -12.1345365655 0.00653805809709 -1.2912424645113203 1.0995299864909462 -1.512321727195334 1.099261803756993 0.22107926268401368 0.024283286303597645 0
2457855.49288 3.6634472496527364 1.8343647866934887 2.36501 0.591777 -2.71760792497 1.62425335533 -15.3357819515 0.00694440894852 0.6767573593138378 0.6135920392297018 0.5212918808164666 0.6131231426384336 0.15546547849737125 0.02398338106345823 0
2457856.44182 3.4629759192343763 2.096028144311899 -4.03748 0.516346 -6.26236458181 1.91704505749 -15.6327753001 0.00699938193749 3.734907059912198 0.6720558292370926 3.347108721455446 0.6715408035941327 0.3877983384567521 0.026305640454142902 0
2457857.41494 1.7179053495553829 2.152509547520191 -0.16099 0.62075 -4.68237284879 1.93993837267 -15.9892287073 0.00705575534085 3.1834229892011914 0.6961364089900036 2.673315460968861 0.6955422726886794 0.5101075282323303 0.028754944349874384 0
2457858.43053 0.8035324517670404 1.8950882000378761 0.130678 0.478979 -4.69306860306 1.61782334939 -16.4573481429 0.00711458950816 3.795373298549534 0.8628939758955472 3.356203280719707 0.8624636506094073 0.4391700178298274 0.02724821121320495 0
2457859.44499 -5.062789003470531 2.368600264860759 1.13282 0.579097 -10.2032660317 2.13398922038 -16.9174937287 0.00717335776535 3.149296556957105 0.849119477200416 2.7759223324241415 0.8487193102460353 0.3733742245329632 0.026065666624927125 0
2457860.42971 -5.0206380047777825 6.563835794084966 0.559685 0.530763 -10.3003440895 6.50563058135 -17.2919587908 0.00723040327497 3.583145454864356 0.6920994931581582 3.140244277820016 0.6915599969117703 0.4429011770443399 0.0273217697298667 0
2457861.41999 -5.665133505059298 1.954791359171763 2.76732 0.583468 -9.28407767889 1.61748344664 -17.6767325291 0.00728777126158 3.036214997845872 0.929796564146024 2.5490859439145934 0.9293675277447081 0.4871290539312783 0.028242681732449412 0
2457862.4545 -2.374721888713207 2.0120665210728115 4.04603 0.535883 -5.33957106341 1.78375196592 -18.1758174609 0.00734770098252 2.4115400672097804 0.7612292818984652 2.081438178091638 0.7608048897054192 0.3301018891181428 0.025415338281793196 0
2457863.42721 13.5860301931979 10.634546008578894 23.3431 0.151389 29.4738413797 10.4868769069 -18.5036307076 0.00740405083338 1.967074078608674 1.7595632749497412 1.5127974190482723 1.7593475809710657 0.4542766595604017 0.027550097697068593 0
2457864.48101 12.89847346811717 6.607363607063102 4.44695 0.498978 8.45338707704 6.53391458526 -19.0397963559 0.00746509824476 0.530265453569402 0.8463066724733651 0.3207891847892273 0.8459603571469091 0.20947626878017467 0.024208635005173323 0
2457875.43049 -7.179427709480544 4.497084967691929 0.939285 0.577397 -15.9041973577 4.38463380146 -22.8484267459 0.0080994105375 -0.24238711583288075 0.815703584722089 -0.6817391406540811 0.8152482311533535 0.4393520248212004 0.02725178397453072 0
2457876.39968 -2.070882923309687 2.2211048617160016 -0.121874 0.551221 -13.0180232251 1.6652646668 -23.085018368 0.0081555566594 -1.4036549155037394 1.3624814880931941 -1.9831983916923355 1.3621416496471197 0.5795434761885961 0.03042912573946917 0
2457877.37499 -6.612158171243556 2.3797336221282395 -1.82236 0.613642 -14.6752769298 2.21789375673 -23.3291793492 0.00821205706822 3.1807961272301295 0.6062366633250295 2.488908383772042 0.6053115701678474 0.6918877434580875 0.03347827624595029 0
2457881.36365 4.449309389238594 2.268339905914406 -2.61486 0.533011 -3.1238572195 1.83760130113 -24.4635399784 0.00844312290671 4.46301721124598 1.218395116840485 3.7195302791458884 1.2178924644928912 0.7434869321000914 0.03499436629188728 0
2457882.39093 6.839121300918739 1.9519509616174306 0.521417 0.658467 2.03725892902 1.60484882057 -24.8069757365 0.00850263401993 4.097984936967834 0.8949826979166842 3.4786272730324463 0.8944293849424787 0.6193576639353879 0.0314659327153376 0
2457883.40246 3.188484637412545 4.832632530394027 2.57916 0.611916 0.679934216826 4.71479203394 -25.1020563289 0.00856123315974 4.33349528914403 0.866390246651255 3.766601350767653 0.8658668453361023 0.5668939383763769 0.030110889062410977 0
2457886.41606 1.4050185785173 5.9899424150658565 6.02544 0.44376 3.4679778169 5.74349973425 -25.8905961164 0.00873581303574 5.4585503682392735 1.6415535327523867 4.9535390569538755 1.6413036842034714 0.5050113112853982 0.02863943281478234 0
2457887.44785 1.5040671329131454 1.8719817214569436 -3.94719 0.561931 -10.0838744132 1.45040473 -26.198674135 0.00879558573413 1.7802198110434286 1.0415734423925567 1.4198591383054306 1.04125239571846 0.360360672737998 0.02585893091463767 0
2457888.41551 0.2751229307830946 1.8613162144153597 -1.91236 0.508675 -11.5206101929 1.53624503525 -26.3575047796 0.0088516428264 -0.4624578235865212 0.9196189352614387 -0.96997174106783 0.919171107192816 0.5075139174813088 0.028696023998365298 0
2457889.43409 2.58734119387881 2.3641038028126604 3.09964 0.603796 -1.34914734019 2.21924375578 -26.6220001162 0.00891064993945 2.3847277588777644 0.5471511064443014 1.961756428964447 0.5464876477322054 0.42297132991331754 0.02693666941817737 0
2457890.4526 3.404553156087394 2.124818486015229 2.8155 0.49117 0.189847057817 1.8803514949 -26.875195451 0.00896965336622 3.39059119124918 0.8590016794135353 3.0518439350798148 0.8586220142675187 0.3387472561693655 0.025536676574352334 0
2457891.37457 4.300485099443642 2.4785206410891876 -1.68984 0.492441 -2.50460747153 1.94507903609 -26.9095354203 0.00902306372192 4.305491308191932 1.45507181031808 3.6116924839084574 1.4546853591086153 0.693798824283475 0.03353325479838456 0
2457892.3992 2.763295865121302 3.220852901524728 6.64281 0.477752 0.0999560221604 3.08296402686 -27.1701838275 0.00908242124727 0.11453467867527217 0.8006117965779255 -0.4671928898851952 0.8000312092698855 0.5817275685604674 0.030484635702239003 0
2457893.37817 -0.5592876378918064 3.403384164908364 17.1064 0.380341 9.39872045737 3.28894094594 -27.3150599421 0.00913913367077 2.2722359044783804 0.788182689340678 1.5948177751027883 0.7874888256077983 0.6774181293755921 0.03306510727571585 0
2457894.3825 -4.063193747103403 2.076410742456803 -1.48871 0.334615 -11.3613888387 1.76055671003 -27.5121884028 0.00919731532852 3.611084535969977 1.0487871299345244 2.95336874233763 1.0482830915118007 0.6577157936323468 0.032511597419366205 0
2457896.37089 -3.959658066162854 1.9750673455404602 -2.73958 0.329687 -12.050819027 1.74094391648 -27.8347449123 0.0093125043455 4.0688734776594275 0.8725318224055448 3.358329942366475 0.8718683919451232 0.7105435352929526 0.0340189393921419 0
2457897.35873 -11.73704253823648 2.2433447915717863 0.607472 0.514549 -15.5866320658 1.9823614959 -27.9685981872 0.00936973051273 4.963335684823056 0.9154660452732721 4.197461801673587 0.9147708088727363 0.7658738831494689 0.035671379039848336 0
2457898.39224 -4.801088665537219 2.3388250693490122 1.74046 0.371316 -9.47220393557 2.15202877515 -28.1998139909 0.00942960296713 3.008762069923794 0.8372570000224872 2.395365157733496 0.8366714577355854 0.6133969121902976 0.031307441563720624 0
2457901.4163 0.5234416806359024 2.9221837490332296 -1.98592 0.41305 -4.36128503093 2.48260121772 -28.6552729603 0.00960478882306 6.5213554424906715 1.4850046311030014 6.017436177391209 1.4847289134738533 0.5039192650994626 0.028614819449244874 0
2457905.43219 -6.1183997565750765 2.707105597116598 5.0542 0.466821 -8.35482938223 2.47722902634 -29.0967319319 0.00983743289987 2.129299884361651 0.9868308968454023 1.697683187397111 0.9864586843027116 0.43161669696454025 0.027101349273871502 0
2457909.42283 0.07641590647785534 3.5527338817682392 -3.13241 0.510165 -9.24593733012 3.3028446064 -29.3599867045 0.0100686134571 3.229755092828719 1.2053494154860387 2.7555485882561435 1.2050249788356835 0.4742065045725753 0.027964509553997118 0
2457911.38964 -2.989039860592125 2.0391696380568733 6.3894 0.470679 -4.27010493958 1.1985768279 -29.3964187347 0.0101825526818 1.7491193111786996 1.5811665564901554 1.1238918979344834 1.5808502964642266 0.6252274132442162 0.03162308542666643 0
2457912.36407 2.0886783232872683 2.517888032655441 -0.316652 0.618792 -6.97993033361 2.02113296975 -29.3829101845 0.010239001972 0.6675712840093061 1.3681659710368197 -0.07400456726539782 1.3677198266143196 0.7415758512747039 0.03493708902040064 0
2457915.40041 -1.5055171278077686 3.296373294889368 -3.05619 0.476047 -13.7940876471 3.11173594112 -29.5059299979 0.0104148994018 0.1869715241943431 0.9780365973913696 -0.3892503111588908 0.9775657346853321 0.5762218353532339 0.030345019459785766 0
2457916.3796 1.4386621051724235 2.9721056878445458 -3.85524 0.603704 -10.3674850345 2.27998731093 -29.4751604499 0.0104716250217 1.4683881782041501 1.8084832214045812 0.7974768257854653 1.8081842808144393 0.6709113524186849 0.03288113011228112 0
2457917.40471 -2.8571929964904683 3.8192729709559585 nan nan -9.71614550944 2.65962445195 -29.510436492 0.0105310103537 2.5602834195770425 2.7410296972605774 2.003627415253236 2.7408670767194927 0.5566560043238062 0.02985747845272955 3
2457918.39398 6.395260194864766 2.29865663751216 3.0079 0.434517 0.669313653849 1.89586435613 -29.4820307369 0.0105883195543 0.6853320823118075 1.2250370023172046 0.07985250708839188 1.2246422048930519 0.6054795752234157 0.03109866622553185 0
2457919.38063 4.471663533584439 2.772330926190112 -1.81719 0.466116 -0.0228877728453 2.02047823963 -29.4410639101 0.0106454767912 6.741760159662135 1.8401691014798913 6.075535505811232 1.8398776599112079 0.6662246538509033 0.032749329778915745 0
2457921.37952 2.2034280653950873 1.984265753589265 -3.16358 0.505212 -3.4051918323 1.66081574726 -29.3755464817 0.0107612743359 6.973965770854487 0.9611256263294735 6.302690402334207 0.9605626611025909 0.6712753685202799 0.03289139222854474 0
2457924.3816 1.3439670736333538 2.7610253593613234 -1.14819 0.545307 -4.37788518647 2.31094527526 -29.2210605084 0.0109351871502 4.84516949563322 1.4090540250645434 4.183358528803614 1.4086762599069875 0.6618109668296053 0.03262576167772825 0
2458093.71113 0.8481541400507866 1.4838649117947886 9.96336 0.473201 -0.307831056434 1.29084214457 30.1569078236 0.0207445801854 -1.7103228337642125 0.5582673623322667 -1.7103228337642125 0.5582673623322667 0.0 1e-06 0
2458131.55236 -2.2627989362895686 2.2303926862858026 9.01039 0.427428 -2.86709095006 2.06640893383 25.8443334212 0.0229367527663 -0.2078518236238579 0.7224340509888652 -0.2078518236238579 0.7224340509888652 0.0 1e-06 0
2458166.72461 -2.7086347242844413 1.9117756078891148 -35.9276 0.498645 -53.4112480083 1.5792917289 11.2901657151 0.0249743087523 -5.370220649928983 0.9550271063886187 -5.370220649928983 0.9550271063886187 0.0 1e-06 0
