2457397.75608 1.7667385254114254 1.77607538706947 -276.905 0.22381 -283.860567501 1.55713366253 28.7579691147 0.0 -14.22707366816612 0.8244316960532536 -13.184928318810428 0.8226890657963786 -1.0421453493556925 0.05357539058491571 0
2457398.71882 2.346605453782694 2.297327896261579 -298.628 0.15975 -305.166635983 2.1324150506 28.8109864569 0.00111895576148 -14.391128034607389 0.8396436460725826 -13.518522881044385 0.8383023954277506 -0.8726051535630039 0.04743992211371708 0
2457401.76831 2.8461010264708997 1.0769984239723853 77.623 0.485965 78.3558082544 0.765335561387 28.5425077137 0.00466326510352 -7.622723679311596 0.5813992625484244 -6.524929468275348 0.5787314994478742 -1.097794211036248 0.05563231110305414 0
2457410.64156 -0.7456573744674213 1.3565454571907947 17.4942 0.165947 19.116726126 0.812220712297 27.8974405894 0.0149763112724 -3.1515604529672743 1.073766587826225 -2.6305032196916445 1.0731725699987162 -0.52105723327563 0.03571162463855078 0
2457410.64914 -0.8900937169876417 1.5094237484376392 17.5341 0.205158 18.9777081319 1.0407777776 27.8816064445 0.0149851232921 -3.1860509166170545 1.073802526082865 -2.6305032196916445 1.0731725699987162 -0.5555476969254101 0.03677635142713719 0
2457411.63527 0.36392630223370465 1.3826401208330878 17.1557 0.239906 18.6114042927 0.921023970645 27.7669024895 0.0161312649179 -4.429120916648401 1.0029225595225728 -3.9366843977137225 1.0023169805874546 -0.49243651893467816 0.034847249896610887 0
2457411.64267 0.6202045983240321 1.3184305912253629 17.0539 0.14995 18.7322197618 0.842525086361 27.7516026677 0.0161398669531 -4.462792345658729 1.0029584738320285 -3.9366843977137225 1.0023169805874546 -0.5261079479450066 0.035866009779735815 0
2457414.68075 0.6092270296385782 1.062285935529992 22.0985 0.20953 23.5102969869 0.843035301127 27.1856446781 0.0196709158423 -4.721868600733274 0.6114246224835808 -4.022489299899916 0.6100182985416797 -0.6993793008333586 0.04144568039619326 0
2457415.71577 -0.40554211430505155 1.1123675072916517 22.1581 0.186535 23.2015139594 0.898565927805 26.9233988925 0.0208738777166 -4.076685446189645 0.6286059484619825 -3.2179583813386126 0.6268503163511553 -0.8587270648510317 0.04694804929115982 0
2457418.6734 -1.7750860670799027 1.2261245164810783 12.2599 0.235109 13.404691329 1.02185792362 26.448654098 0.0243114192766 -2.609201665424793 0.635540299239121 -1.9432662822139855 0.6342593319481693 -0.6659353832108075 0.04033077972979816 0
2457421.69152 -2.884570073239535 0.9020262793355022 1.51013 0.181947 -1.29135209895 0.645663527621 25.7516168534 0.0278192706212 -5.449498938515161 0.603046687166205 -4.701114057671972 0.6015040575592832 -0.7483848808431897 0.043106561471002655 0
2457422.70741 -5.087409549118828 1.5677055975776637 35.1513 0.207231 29.1835924326 0.807243219484 25.4774621058 0.0290000018327 -6.414065662305867 1.327823232931237 -5.593378213327755 1.3270396877474775 -0.8206874489781122 0.04560926501314436 0
2457423.57485 -2.6026513329825165 1.65548907796713 11.0415 0.220492 14.0922416431 1.26770470233 25.5434193969 0.0300081907801 0.11861714313782012 1.041610365207755 0.3361309945050824 1.0412408425957813 -0.21751385136726226 0.0277427579497868 0
2457426.76761 2.4994513459673366 1.0381702666968855 22.6834 0.206459 29.2496673456 0.893931228447 24.3108988631 0.0337190211058 -1.4716706636120334 0.4858591799891959 -0.3770615886973301 0.4826772508829053 -1.0946090749147033 0.05551409064277958 0
2457440.61936 -3.200932581129961 1.6908693934679209 0.620985 0.226286 1.75624752622 0.975222279941 20.2113574469 0.049818402528 -1.218390937364735 1.3626354819545974 -0.7983479911200901 1.3622419101241732 -0.42004294624464483 0.03274805311590069 0
2457442.63588 0.7533962738235533 0.9004402087265632 15.1273 0.27831 21.0139831157 0.524741482498 19.4336736253 0.0521621256506 -0.4236429259282498 0.6767440357606218 0.0715692107488228 0.6758419680426146 -0.4952121366770726 0.03493027583428482 0
2457466.66599 -5.124922298605072 1.9020393660769355 5.37373 0.188871 2.69547257633 1.59953677896 9.02439276038 0.0800914253558 -3.1381941926096246 1.0117131946541957 -2.5059757406867007 1.010952571835903 -0.6322184519229237 0.03922353548282051 0
2457477.5678 -1.140516807696825 1.1435439765457862 11.9971 0.194172 13.6345783939 0.922567458371 4.00022094282 0.0927622021916 -2.819534642797871 0.6471934374397669 -2.634099653439589 0.6466257880967082 -0.1854349893582819 0.02710047293706183 0
2457477.57437 -2.0442655839037163 1.358411964839888 13.3287 0.35929 14.0325424755 1.13899152781 3.98204737753 0.0927698296872 -2.84942941243498 0.6472187124118519 -2.634099653439589 0.6466257880967082 -0.21532975899539109 0.027697506464778122 0
2457488.53483 -0.9115484538433616 1.1983241297674285 -51.2851 0.27428 -47.1660230779 0.788092078155 -1.32987395713 0.105508770145 -0.579651036421334 0.8600360910637244 -0.5442359141038683 0.8596779396921012 -0.035415122317465686 0.02481769406925118 0
2457491.50144 7.21815243690362 3.008585106407079 6.46272 0.540836 23.9151427934 2.52514234697 -2.70660894471 0.108956753541 4.6205459607116826 1.5436116387033827 4.504030135162945 1.5434258620235446 0.11651582554873784 0.02394785120675015 0
2457537.49407 1.8193455656656419 2.502531413538104 5.6913 0.23946 10.0574502332 2.11569017908 -21.7330925526 0.162412282226 -3.120375256880338 1.3149819201315076 -3.2704260046067377 1.3147633975895063 0.15005074772639987 0.02397203853751712 0
2457538.43745 1.8816100493213959 1.8909165287583811 5.31115 0.194925 9.21035232468 1.69532743511 -21.9045965328 0.163508738922 -3.650684105746092 0.8145148561387593 -4.058366786937462 0.8140786109509339 0.40768268119137024 0.026654569269486207 0
2457540.36768 -0.08758869915643325 1.5716153036542042 0.69915 0.242725 3.28009658747 1.20509392861 -22.3154078581 0.165752171601 -3.001984527158263 0.9791873468731204 -3.727134181247529 0.9785812069542396 0.7251496540892657 0.03444824628924575 0
2457542.46161 -0.6759814075460862 1.6616972751921077 3.23701 0.265535 6.05702162337 0.901633460241 -23.1110882513 0.168185865812 -2.1769604770886097 1.3703233565582342 -2.474710492651288 1.370095271728857 0.2977500155626785 0.02500095828672626 0
2457555.41353 7.86967341379925 1.5982107406065726 4.78378 0.333244 13.1121010187 1.08351061036 -25.9416786371 0.183239403265 -5.229359440593946 1.126601422461944 -5.745882741228072 1.1262306366756936 0.5165233006341263 0.02890187029134659 0
2457756.7533 6.513595250730697 2.428279132423166 11.2717 0.384832 22.0397087095 2.29238208136 28.7603725044 0.417249146828 -1.6676033303153925 0.7024444958949604 -0.6381075187719195 0.7004338275392993 -1.0294958115434731 0.05311047967936396 0
2457760.69505 -0.5947724119328808 1.6028420739152998 12.4088 0.552044 14.8320526635 1.36228819169 28.9194695346 0.421830495113 -2.9085730618818153 0.6391564900351893 -2.1441259978359333 0.6376637413037194 -0.764447064045882 0.04365743671639735 0
2457761.67641 -3.3910491256098543 1.2995149729521427 8.98827 0.365328 9.73838130472 1.1520260282 28.9432836679 0.422971103345 -1.786578315199842 0.4776093044622589 -1.106946852387284 0.47586468256544545 -0.6796314628125579 0.04078543362293152 0
2457763.7059 -2.9120923362142634 1.5333142529504284 -4.09291 0.339217 -3.89680715116 1.36213944116 28.8310323844 0.425329901654 -2.821902358786433 0.61689591346093 -2.008085700747974 0.6152253429567964 -0.8138166580384592 0.04536899192716848 0
2457768.6588 0.8708224812930072 1.7217695929491244 7.03091 0.309345 11.9088991658 1.54801849168 28.6560996793 0.431086473705 -1.9286874313577032 0.6873390368628212 -1.3291848690918386 0.686278558505938 -0.5995025622658645 0.038166631113087046 0
2457771.74457 1.1259681070125598 2.0563784597388017 1.04896 0.214899 2.08762330087 1.79646190786 28.1977392133 0.434672949859 -6.0267453981852555 0.9773614495531204 -5.036972771952312 0.975995346805064 -0.9897726262329436 0.05165739141148845 0
2457779.608 -0.20786665387615183 1.7176772624835848 1.10219 0.402398 3.29516856345 1.55950933016 27.4122071465 0.44381231864 -3.5477347434985447 0.5970106169821021 -3.1793819904510143 0.5961876442569178 -0.3683527530475302 0.031336394571441425 0
2457788.65934 -2.7145160590708275 1.6523169120402803 5.97776 0.290336 6.6307341258 1.29276150211 25.4074594327 0.45433235642 -2.591609813737869 0.9872304105921196 -1.9896501475536492 0.9864893180183 -0.6019596661842197 0.03824537924605396 0
2457790.67371 -0.6580866302250328 1.6182440663079842 20.5604 0.429118 24.9765051026 1.38068043712 24.861993182 0.456673585178 -0.8872494945596633 0.7268377609721132 -0.21990355345772972 0.725715364348048 -0.6673459411019336 0.04037747793182315 0
2457791.61002 -2.531236835274265 1.5827454114664392 8.37351 0.302182 11.1639894466 1.37757951223 24.7516784791 0.457761820086 -0.6408131804404313 0.7183618613708582 -0.26326903724871054 0.7176673106705543 -0.37754414319172075 0.03158156213834637 0
2457792.63218 -0.6044485823453989 1.9055379881486283 -3.54175 0.324798 0.198118164709 1.48771957607 24.4284664314 0.458949838457 -1.619400733589297 1.1455443013790167 -1.1410243103579643 1.1450267952137128 -0.47837642323133284 0.03442941568708061 0
2457793.57599 10.264829914958467 1.4710237021235275 nan nan 13.8977045286 1.20528483447 24.277396373 0.460046797479 -2.3319398260431647 0.8433262713836404 -2.1092387552927083 0.8428662506055274 -0.22270107075045642 0.0278510968547685 2
2457794.68577 -0.12666019589135208 1.4248073706786037 -21.6772 0.596169 -18.1905999276 1.08134813426 23.7293928765 0.461336652408 -2.352844026293344 0.71087606479467 -1.630622755872751 0.7096214411673203 -0.722221270420593 0.04221598907489089 0
2457798.58435 -0.9731856595512971 1.3275568137340907 17.7205 0.282423 21.3806374644 1.16186275731 22.7763483523 0.465867824284 -1.337312342533399 0.5768182347499712 -1.0765716559100231 0.5761047145043935 -0.26074068662337596 0.028681594549190042 0
2457806.59108 -1.7316612611213655 1.5118917528626359 8.4501 0.224876 12.3724986878 1.29539686839 20.0390459311 0.47517375432 -0.3258814475433307 0.7464545601345548 -0.034517961198504706 0.7458756084668199 -0.291363486344826 0.029393656457183844 0
2457817.61775 -2.629396586938584 1.5342577830643602 16.5311 0.253811 18.7978490458 1.27209950822 15.5824025906 0.487989638788 -1.0966116482761126 0.8193227461449134 -0.6838945115089776 0.818676186547329 -0.4127171367671349 0.032543262448091234 0
2457818.57263 0.7560453954825388 1.5151430369312748 -5.99599 0.181032 2.31286166993 0.903758587753 15.2758923607 0.489099465268 1.5589391669927655 1.2025415803206356 1.7663515890212746 1.2022262929557694 -0.20741242202850912 0.027535303264720014 0
2457819.48603 1.018106518431525 2.7856231890761145 3.05482 0.442505 12.6976380738 2.53478124379 15.0491527818 0.490161072853 2.6297828403737795 1.0671316332138006 2.4431485390619905 1.066859718970521 0.18663430131178904 0.024088641383328332 0
2457824.4862 -1.2925073051796707 1.5905970667038316 1.36832 0.385435 8.40618867819 1.375268343 12.8536848576 0.495972581343 2.329635759844975 0.7000541937120027 2.143774993013931 0.6996397479020378 0.185860766831044 0.024085208932772027 0
2457828.57055 -2.235869522503758 1.3495937234338342 -3.80881 0.135173 -5.5907943979 1.17512109563 10.8251467245 0.500719671097 -5.551602188680938 0.6497860332464801 -5.353654168343104 0.6492103875543793 -0.1979480203378347 0.02734523164444342 0
2457829.5024 -2.479985273907361 1.5880077533714563 12.8841 0.319351 14.4004996518 1.45282518851 10.5400376676 0.50180272949 -2.0101854459473354 0.5559519180729642 -2.122333084633482 0.5554357807270665 0.11214763868614662 0.02395054690653198 0
2457830.64834 -2.826140305869731 1.2795712682641192 14.8205 0.219934 15.409426596 0.907348394573 9.68492477988 0.503134609894 -2.5928353502531656 0.8750146039220027 -2.040927807987157 0.8742461853897238 -0.5519075422660085 0.03666284779304587 0
2457833.5498 -2.3805427268396544 1.4061578175482385 -12.9026 0.265626 -11.6491948167 1.06836975884 8.53826022911 0.506506870662 -2.377326602756042 0.8748192352490135 -2.2737950879371747 0.874441765732436 -0.10353151481886744 0.025696161277676318 0
2457857.4356 -1.040489380127222 1.2202186188871806 1.27083 0.0988244 9.35879271175 0.997331173967 -2.86824068567 0.534268449749 3.0894159999425255 0.6960587225711409 2.673315460968861 0.6955422726886794 0.41610053897366456 0.026808434688267782 0
2457859.51116 -5.292176018391788 1.8278958037318729 4.7639 0.492998 8.36138269615 1.54183455157 -4.03649104232 0.536680793392 2.848210278967092 0.849059630921312 2.7759223324241415 0.8487193102460353 0.07228794654295063 0.024037247673739676 0
2457860.47997 -2.9244573639702245 1.5187336927158896 3.22908 0.455551 9.70164983241 1.27286393895 -4.43145099479 0.537806806749 3.354452747445528 0.6919846159550571 3.140244277820016 0.6915599969117703 0.21420846962551188 0.024237974128632326 0
2457866.48875 -3.1158073047121513 1.6732902704795816 0.877405 0.124514 3.90034055422 0.957203967018 -7.31324644154 0.544790589591 0.0891846271574548 1.366805457484799 -0.08507314788859897 1.3665940504373844 0.17425777504605378 0.024038717090854922 0
2457875.4688 -2.4075100439550834 1.365732274309636 2.1244 0.341618 5.36018035455 1.04080958208 -11.3787252382 0.55522776895 -0.41670501262961296 0.8156207458169176 -0.6817391406540811 0.8152482311533535 0.2650341280244682 0.024647973715362224 0
2457877.45287 -2.521437059447502 1.1559502733088007 2.79879 0.316149 9.16608144647 0.932318357271 -12.2081553233 0.557533776809 2.8264270869228056 0.6058492591875251 2.488908383772042 0.6053115701678474 0.3375187031507636 0.025519166894865712 0
2457879.40229 -8.096395729475306 9.865359869560477 1.26824 0.439433 6.04259995769 9.80257764472 -12.9285354175 0.559799524822 6.8061885201606085 1.0206348581843527 6.238521049422335 1.020190024212515 0.5676674707382732 0.03013018815509869 0
2457879.41016 -3.8297373990606602 2.376034782355893 2.63795 0.5565 11.6431674065 2.07224641927 -12.9490928634 0.559808662298 6.770378501055964 1.0206095310118652 6.238521049422335 1.020190024212515 0.5318574516336292 0.029259687105766048 0
2457883.45323 -2.888225378624209 1.4994268968968099 4.36118 0.295683 11.6447120272 1.18763510597 -14.7248534369 0.564507779045 4.102481984639513 0.8662421357301175 3.766601350767653 0.8658668453361023 0.3358806338718602 0.025495957757687565 0
2457889.50045 3.03627623554456 1.2394508694481734 3.86742 0.179307 15.0627770587 1.09766355244 -17.2050791464 0.571536237031 2.0827769439707446 0.5470120502916473 1.961756428964447 0.5464876477322054 0.12102051500629782 0.02394648283971463 0
2457893.45131 -3.440612093525679 1.252723702396936 21.513 0.277741 26.0927185032 0.933478171935 -18.5616693888 0.576128173961 1.9394347805809822 0.7879055235165484 1.5948177751027883 0.7874888256077983 0.34461700547819385 0.0256215442691691 0
2457901.44192 2.5616086653240475 2.0230334369125105 -1.76718 0.230922 13.2893911684 1.35433666079 -21.2417492311 0.585415365708 6.404779495191256 1.4849617927785401 6.017436177391209 1.4847289134738533 0.3873433178000464 0.026297899285058105 0
2457920.41495 2.9777373585122002 1.5867343270271608 4.1936 0.211922 17.9999038629 0.99129590015 -25.8891196883 0.607467018541 4.716331843703104 1.220715908319804 4.206269817748329 1.2203772128254347 0.5100620259547748 0.02875390828161873 0
2458118.72383 6.020734847690726 4.721021401553117 7.00595 0.495939 20.6369867297 4.6255569832 28.6691594001 0.837954074344 1.2675801654245777 0.8039341872210524 1.2675801654245777 0.8039341872210524 0.0 1e-06 0
2458120.71472 2.8602419082274024 4.015228011903418 4.48876 0.455822 12.6384340748 3.93735834627 28.7845446438 0.840268010584 -1.0556034862020987 0.6414760673412369 -1.0556034862020987 0.6414760673412369 0.0 1e-06 0
2458130.70449 -3.8531679990223444 1.9392683029045439 16.8902 0.379723 16.5901478449 1.69092627932 28.7864201914 0.851878748366 -2.8035305466823526 0.8702530159659301 -2.8035305466823526 0.8702530159659301 0.0 1e-06 0
2458131.65912 -4.021180091480838 1.5122785244884074 8.93819 0.364868 11.0669139986 1.27747670044 28.8293161262 0.852988271555 -0.2078518236238579 0.7224340509888652 -0.2078518236238579 0.7224340509888652 0.0 1e-06 0
2458132.76777 -5.084570796905971 1.8225180215271848 5.53153 0.409184 7.0281504269 1.23708540749 28.5269608621 0.854276813752 0.222146767864275 1.2742684519022853 0.222146767864275 1.2742684519022853 0.0 1e-06 0
2458149.60712 -6.627329808982567 1.378647970860641 4.81789 0.475199 2.45319886409 1.06100448977 26.4926896786 0.873848567748 -2.1159775368621285 0.7410301010345922 -2.1159775368621285 0.7410301010345922 0.0 1e-06 0
2458164.75552 -1.1755395368959232 1.4802307232008525 -29.7391 0.450327 -27.7578900698 1.12717381034 22.1292483551 0.89145499942 -3.239473174508773 0.847211772969444 -3.239473174508773 0.847211772969444 0.0 1e-06 0
2458169.63169 0.4096563851927945 1.4555492074778353 -50.7085 0.344825 -45.6809331283 1.20423748741 20.7410608619 0.897122386702 -1.7839795423974907 0.7413037762572405 -1.7839795423974907 0.7413037762572405 0.0 1e-06 0
2458170.70349 3.1243785982960506 1.3914444648204085 -33.0453 0.329639 -24.2242499113 1.04462558013 20.1923693217 0.898368097858 -0.7064642496207468 0.8580286858162625 -0.7064642496207468 0.8580286858162625 0.0 1e-06 0
2458171.59195 -0.13094494757872804 2.290406473585617 1.02194 0.402934 8.08740738193 2.00197570502 20.1180345165 0.899400724198 0.792243963124032 1.0371592367671558 0.792243963124032 1.0371592367671558 0.0 1e-06 0
2458186.70493 -0.23497938258922685 1.6630650328682566 9.23362 0.203764 15.825238714 1.46068215552 13.7634173417 0.916965983182 0.40486447121453084 0.7685526503743257 0.40486447121453084 0.7685526503743257 0.0 1e-06 0
2458187.54671 2.606609484772014 2.4578054665311826 6.56248 0.38583 17.8845094657 2.22436287037 13.7400311551 0.91794435222 2.2927079865432907 0.9716752252367076 2.2927079865432907 0.9716752252367076 0.0 1e-06 0
2458188.65643 -0.7652374529290153 1.8864195769556977 -13.2625 0.278669 -3.07440020301 1.71237509117 13.0008113777 0.919234130608 4.529335477124319 0.7407387906012494 4.529335477124319 0.7407387906012494 0.0 1e-06 0
2458199.49229 0.1373281485903171 2.3767999015622867 4.06701 0.383805 11.0369212028 2.26068355331 8.32015664986 0.931828248935 0.3959871630649868 0.6254449342696125 0.3959871630649868 0.6254449342696125 0.0 1e-06 0
2458211.46267 -1.973054708146784 2.7982349052451503 5.24524 0.293174 10.7816708617 2.63430699361 2.57809460863 0.945740986384 1.0589769412820877 0.8969917803824008 1.0589769412820877 0.8969917803824008 0.0 1e-06 0
2458212.5238 -0.0482488676804837 1.4519776108137252 8.93194 0.376987 14.6294019306 1.24427904274 1.92668778284 0.946974296394 -0.7060311403442127 0.6464436927707502 -0.7060311403442127 0.6464436927707502 0.0 1e-06 0
2458215.48728 1.0695530021718325 1.478346083173926 2.24071 0.332211 8.20000139121 1.2170528781 0.555219529206 0.950418640327 -1.5654478934765284 0.7706654819172847 -1.5654478934765284 0.7706654819172847 0.0 1e-06 0
2458225.40872 -0.20608486256856812 1.4978019454229237 -2.2545 0.581424 3.41151932669 1.22117712647 -4.13419038159 0.961949961007 -0.5946134139361283 0.6434929880899918 -0.5946134139361283 0.6434929880899918 0.0 1e-06 0
2458229.46594 0.7614083951715684 2.615871908912473 -0.338722 0.265069 6.04203013811 1.32274345989 -6.19956200961 0.966665518126 -0.8520894173762646 2.2411769248300684 -0.8520894173762646 2.2411769248300684 0.0 1e-06 0
2458238.44865 -0.9878027537808949 1.7166199418158719 10.853 0.334744 16.0175492806 1.56648779027 -10.2977880606 0.977105789188 -0.3295213969838013 0.6171276059592621 -0.3295213969838013 0.6171276059592621 0.0 1e-06 0
2458245.36173 2.480474945994904 1.624541929358271 1.98301 0.409062 11.801061416 1.10152324556 -13.1205124318 0.985140597316 0.8476682305503994 1.1218071580687587 0.8476682305503994 1.1218071580687587 0.0 1e-06 0
2458245.41553 0.1717760445749042 1.4815922452404025 3.59199 0.251284 11.1014050466 0.934623257043 -13.2565424521 0.985203129293 0.8476682305503994 1.1218071580687587 0.8476682305503994 1.1218071580687587 0.0 1e-06 0
2458245.46161 1.3596456424449048 1.492458371316678 3.2757 0.302612 11.9730382013 0.936699881325 -13.381004879 0.985256686162 0.8476682305503994 1.1218071580687587 0.8476682305503994 1.1218071580687587 0.0 1e-06 0
2458245.49998 -0.5277978458450958 1.5602288038126113 2.83483 0.243757 9.64476930911 1.05661967865 -13.4835387195 0.985301282217 0.8476682305503994 1.1218071580687587 0.8476682305503994 1.1218071580687587 0.0 1e-06 0
2458245.5527 0.8807338003549043 1.4690400122184684 2.64898 0.277954 10.8675122323 0.906845538936 -13.6130530188 0.985362559243 0.8476682305503994 1.1218071580687587 0.8476682305503994 1.1218071580687587 0.0 1e-06 0
2458247.59722 3.189545374379758 2.0935044366738746 2.99822 0.243963 12.517339831 1.29201015788 -14.5377459554 0.987738828639 -0.1629320142344539 1.6290956487958765 -0.1629320142344539 1.6290956487958765 0.0 1e-06 0
2458249.39318 -0.8505190767497832 1.911753726929173 -2.97283 0.584189 3.06619975416 1.39886338931 -14.8613232005 0.989826202111 0.394954986615087 1.1647775507595282 0.394954986615087 1.1647775507595282 0.0 1e-06 0
2458249.44932 0.1737419444902168 1.6812606730437685 -3.74742 0.501371 3.31593602417 1.10388306824 -15.0113493506 0.989891450884 0.394954986615087 1.1647775507595282 0.394954986615087 1.1647775507595282 0.0 1e-06 0
2458249.4809 0.1962658126902172 1.615913680573853 -4.23047 0.421507 2.85544660119 1.03769076765 -15.0956619781 0.989928159709 0.394954986615087 1.1647775507595282 0.394954986615087 1.1647775507595282 0.0 1e-06 0
2458249.52168 -0.24308656679978352 1.6305914748850625 -3.67197 0.326646 2.97464162458 1.0933545655 -15.198767359 0.989975562579 0.394954986615087 1.1647775507595282 0.394954986615087 1.1647775507595282 0.0 1e-06 0
2458249.57563 -1.820392100749783 1.4875002783997313 -4.20317 0.273848 0.86619879444 0.883718059328 -15.316267669 0.99003826639 0.394954986615087 1.1647775507595282 0.394954986615087 1.1647775507595282 0.0 1e-06 0
2458258.39079 -0.41988293473335087 2.2262695385482414 4.35651 0.33435 8.74389105823 1.08964816599 -18.3239367788 1.00028379115 -1.697787440361345 1.9123684294953096 -1.697787440361345 1.9123684294953096 0.0 1e-06 0
2458260.34587 -0.06730710998633166 1.7515279300906694 3.21245 0.361441 10.6629896499 1.15941272868 -18.9162637949 1.002556114 1.0105230036516353 1.262130190586586 1.0105230036516353 1.262130190586586 0.0 1e-06 0
2458260.56981 2.385631004843669 1.7829426449891366 3.53574 0.373653 13.4394780437 1.20262017816 -19.444299431 1.00281639305 1.0105230036516353 1.262130190586586 1.0105230036516353 1.262130190586586 0.0 1e-06 0
2458261.41856 -0.4207876270928453 1.7118004736308736 5.11355 0.354453 12.2304814456 1.18043916886 -19.4484056229 1.00380285471 1.029148575818149 1.1879340473852564 1.029148575818149 1.1879340473852564 0.0 1e-06 0
2458261.47311 -0.057405276092845015 1.6336932091371927 6.09342 0.366612 13.5737972073 1.05988765541 -19.5877783493 1.00386626541 1.029148575818149 1.1879340473852564 1.029148575818149 1.1879340473852564 0.0 1e-06 0
2458261.53665 -0.7476778140728453 1.7654658464124564 8.51426 0.248602 15.3044385153 1.28213860386 -19.7274033244 1.00394011134 1.029148575818149 1.1879340473852564 1.029148575818149 1.1879340473852564 0.0 1e-06 0
2458261.5825 11.626730891297155 4.950178556013987 8.59687 0.509804 27.7615105134 4.77840771775 -19.8028562188 1.00399340408 1.029148575818149 1.1879340473852564 1.029148575818149 1.1879340473852564 0.0 1e-06 0
2458262.40123 4.585178397254501 5.390629046137072 5.98147 0.329207 18.769590472 4.84159805089 -19.7409979086 1.00494498463 1.693229447960802 2.3472180507765756 1.693229447960802 2.3472180507765756 0.0 1e-06 0
2458262.45534 5.624332514554502 4.76351262925891 7.6543 0.377884 21.4816374768 4.12781100267 -19.8811740395 1.00500787214 1.693229447960802 2.3472180507765756 1.693229447960802 2.3472180507765756 0.0 1e-06 0
2458262.5399 3.7358480439545017 3.6059247713017406 6.61177 0.354089 18.5507212842 2.71438425034 -20.0687388637 1.00510615003 1.693229447960802 2.3472180507765756 1.693229447960802 2.3472180507765756 0.0 1e-06 0
2458263.37486 1.8063090548923912 1.9446942014518191 2.16282 0.347685 9.68506175252 1.29652748001 -20.0043118042 1.00607659713 -0.7949115416870869 1.407113062806714 -0.7949115416870869 1.407113062806714 0.0 1e-06 0
2458263.43742 2.8715205135423907 2.0003544798113224 2.93707 0.27201 11.524595916 1.39551475567 -20.1673524257 1.00614930196 -0.7949115416870869 1.407113062806714 -0.7949115416870869 1.407113062806714 0.0 1e-06 0
2458263.48406 2.3788546513123907 1.8767898498626139 2.18738 0.348815 10.2822942713 1.19193165273 -20.2818927771 1.00620351948 -0.7949115416870869 1.407113062806714 -0.7949115416870869 1.407113062806714 0.0 1e-06 0
2458263.55056 4.3604465673723904 2.2685374579205595 0.865877 0.317376 10.9424604688 1.75087620952 -20.4163860819 1.00628080094 -0.7949115416870869 1.407113062806714 -0.7949115416870869 1.407113062806714 0.0 1e-06 0
2458265.45871 3.5794262480381427 1.652913625225074 5.79834 0.571812 15.497991701 1.22336017435 -20.8660677815 1.00849858093 -0.3930407701728387 0.953175940165076 -0.3930407701728387 0.953175940165076 0.0 1e-06 0
2458267.50672 5.4892519775798325 2.0342455643921213 3.13098 0.51153 15.8198597772 1.44623029329 -21.5937062327 1.01087890558 0.6839812519354719 1.3360052447906283 0.6839812519354719 1.3360052447906283 0.0 1e-06 1
2458269.4918 0.8916634938177699 1.6481469242114324 2.19208 0.473884 9.00231860646 1.26029346885 -22.158963965 1.01318608642 -0.5993786159624658 0.9505170228448273 -0.5993786159624658 0.9505170228448273 0.0 1e-06 0
2458269.54602 0.2882790702377694 1.9054369610782635 3.94242 0.349761 10.1493372003 1.61396240501 -22.2567640854 1.01324910384 -0.5993786159624658 0.9505170228448273 -0.5993786159624658 0.9505170228448273 0.0 1e-06 0
2458270.34788 0.24753785701884612 2.0413226112682223 4.05024 0.511373 10.5177518833 1.34669395243 -22.0970758623 1.01418107862 -0.29897469456354203 1.4463440312182336 -0.29897469456354203 1.4463440312182336 0.0 1e-06 0
2458270.38931 -1.6603647293411539 2.0210963617822277 3.51509 0.630284 8.07474745114 1.26319496765 -22.2034329818 1.01422923286 -0.29897469456354203 1.4463440312182336 -0.29897469456354203 1.4463440312182336 0.0 1e-06 0
2458270.43434 0.5291334122188461 1.9522609223462846 4.04038 0.61437 10.7895879253 1.15843047067 -22.3174704297 1.01428156543 -0.29897469456354203 1.4463440312182336 -0.29897469456354203 1.4463440312182336 0.0 1e-06 0
2458270.46717 1.7609459029388457 2.0225837830389968 3.02992 0.598152 11.0109785777 1.28107310005 -22.3950795167 1.01431972709 -0.29897469456354203 1.4463440312182336 -0.29897469456354203 1.4463440312182336 0.0 1e-06 0
2458270.51166 0.5331613726288463 1.9121697949957566 4.23025 0.542726 10.9835757552 1.126912045 -22.4870059205 1.01437143495 -0.29897469456354203 1.4463440312182336 -0.29897469456354203 1.4463440312182336 0.0 1e-06 0
2458271.37995 -0.2418065665882922 1.3733083959313153 1.40567 0.277278 6.94034253689 1.18034680707 -22.4646950829 1.01538061123 -0.7436691499364038 0.6448831491663328 -0.7436691499364038 0.6448831491663328 0.0 1e-06 0
2458271.41495 0.12015859605170759 2.1469526989108236 2.39244 0.307448 8.28911838354 2.02460053902 -22.5541393751 1.01542129523 -0.7436691499364038 0.6448831491663328 -0.7436691499364038 0.6448831491663328 0.0 1e-06 0
2458271.45676 -0.2361633277182919 1.7946314592299322 1.78285 0.300376 7.32325504885 1.64760494567 -22.6554327827 1.01546988431 -0.7436691499364038 0.6448831491663328 -0.7436691499364038 0.6448831491663328 0.0 1e-06 0
2458271.49481 3.2188488394117076 2.5139137858485507 1.60413 0.453051 10.599591449 2.38718098141 -22.7374813259 1.01551411735 -0.7436691499364038 0.6448831491663328 -0.7436691499364038 0.6448831491663328 0.0 1e-06 0
2458271.5597 0.8757143644517074 1.612453098288393 0.0402442 0.41 6.69264658353 1.41986996521 -22.8434120905 1.01558952683 -0.7436691499364038 0.6448831491663328 -0.7436691499364038 0.6448831491663328 0.0 1e-06 0
2458273.37148 -2.5701484887404265 1.3085824398832984 1.47326 0.51271 7.99974153632 0.964117547958 -22.9958273521 1.01769530088 2.57416708199573 0.7211059641910554 2.57416708199573 0.7211059641910554 0.0 1e-06 0
2458273.40585 -3.248626890400426 1.2735847639880524 1.70742 0.400203 7.55546307705 0.970495697188 -23.0833985968 1.01773524326 2.57416708199573 0.7211059641910554 2.57416708199573 0.7211059641910554 0.0 1e-06 0
2458273.45721 -3.5528194380404265 1.745002915901005 2.18615 0.535878 7.7300602174 1.49595325262 -23.2067072371 1.01779493125 2.57416708199573 0.7211059641910554 2.57416708199573 0.7211059641910554 0.0 1e-06 0
2458273.53619 -3.203853568100426 1.3453798361607725 -1.04241 0.431965 4.85055788508 1.05045672482 -23.3556611116 1.01788672899 2.57416708199573 0.7211059641910554 2.57416708199573 0.7211059641910554 0.0 1e-06 0
2458279.36627 -0.9477135750864765 1.84180259084231 1.19271 0.309009 8.23918010797 1.42705115621 -24.4899566806 1.02466281845 1.4647532224217803 1.1226198016693332 1.4647532224217803 1.1226198016693332 0.0 1e-06 1
2458280.36383 -1.6901076320771253 1.5515196444195185 1.42289 0.240544 7.96506988609 1.00116306226 -24.7115284278 1.02582224165 1.7016976343324295 1.1606137660134854 1.7016976343324295 1.1606137660134854 0.0 1e-06 0
2458284.47416 2.8958165950333146 1.78142695837606 5.11214 0.405221 14.7988172182 1.09894031505 -25.7883003541 1.0305995275 0.2554934535319885 1.3422399685438624 0.2554934535319885 1.3422399685438624 0.0 1e-06 0
2458286.3905 -2.5076233268861494 1.4965461051950513 4.92771 0.29397 10.5681633947 0.991382571723 -25.9815183843 1.03282682254 1.6104822568914532 1.0818467916270849 1.6104822568914532 1.0818467916270849 0.0 1e-06 1
2458289.3898 -2.3937491018952164 1.6172044334975746 3.94108 0.460309 8.71152946971 1.04437293721 -26.4733479732 1.03631279672 0.6231181326905201 1.145753451780407 0.6231181326905201 1.145753451780407 0.0 1e-06 0
2458290.44028 -2.10150912839954 1.722992755194342 8.59796 0.460432 15.4342618101 1.03719130737 -26.7268732348 1.03753372745 2.3955095689148433 1.2965109331333788 2.3955095689148433 1.2965109331333788 0.0 1e-06 0
2458291.3538 1.7046967087996119 1.815816926709143 nan nan 10.6370315608 1.68725491118 -26.6799544751 1.03859548221 2.3889717276156928 0.6710901400128066 2.3889717276156928 0.6710901400128066 0.0 1e-06 2
2458291.35864 -0.6660997797803889 1.3150938671270307 3.13595 0.465896 11.4021906999 1.03055849932 -26.6914793827 1.03860110988 2.3889717276156928 0.6710901400128066 2.3889717276156928 0.6710901400128066 0.0 1e-06 0
2458292.35006 0.12774686990776568 1.5784600636296042 0.302198 0.312703 10.3684576853 1.17059182484 -26.8054984799 1.03975339968 3.3939917734975373 1.0116658469484747 3.3939917734975373 1.0116658469484747 0.0 1e-06 0
2458293.35583 2.8148754150878936 1.5247111091290384 2.42563 0.408108 13.0621040142 1.20664466084 -26.9462034876 1.04092236841 1.2759085885374097 0.8379740384339399 1.2759085885374097 0.8379740384339399 0.0 1e-06 0
2458294.4448 2.108227207606189 1.5142703386050715 6.62188 0.315669 17.751379683 1.3171820721 -27.2485792855 1.04218802844 2.4743168048091153 0.6770517925122036 2.4743168048091153 0.6770517925122036 0.0 1e-06 0
2458295.35619 1.7582289805503095 1.4265219074627489 2.74681 0.449967 13.7941065212 1.16060607567 -27.1791309172 1.04324730975 2.7410525887649944 0.6967696810924727 2.7410525887649944 0.6967696810924727 0.0 1e-06 0
2458296.36428 3.136862588250844 2.2695147981485393 4.60673 0.465669 17.2432342454 1.24664417609 -27.3026909155 1.04441897011 2.9504550448644604 1.8384036824576118 2.9504550448644604 1.8384036824576118 0.0 1e-06 0
2458297.43418 3.1253042383825886 1.63737907438361 5.79322 0.505074 15.9965016566 1.34941581665 -27.5392314121 1.04566247615 0.5275472999127145 0.77780938637905 0.5275472999127145 0.77780938637905 0.0 1e-06 0
2458302.42073 -1.1593874168790852 1.422469395844849 0.593938 0.354282 6.61400658449 1.21553243765 -27.8873584099 1.05145816666 0.623230192524389 0.6483705264859495 0.623230192524389 0.6483705264859495 0.0 1e-06 0
2458303.41967 1.2881105606519874 2.124355651566692 6.7813 0.345497 16.6019551774 1.89530583876 -27.9377842817 1.05261919605 1.9751577784733163 0.8951729078130399 1.9751577784733163 0.8951729078130399 0.0 1e-06 0
2458307.36927 -1.1955169504289265 1.5773701361224328 0.67672 0.372664 10.1761473468 1.27610138258 -27.9837561566 1.0572096646 4.13296699039423 0.8489896058306031 4.13296699039423 0.8489896058306031 0.0 1e-06 0
2458308.38633 -2.1171024834895014 3.677129464311091 0.0639329 0.308059 9.2061666616 1.20324333839 -28.0302031202 1.05839176231 4.696176840594805 3.4610094218928418 4.696176840594805 3.4610094218928418 0.0 1e-06 0
2458310.35164 -1.6397450543106864 1.688280494965336 3.57806 0.392747 9.83482760241 1.30297791464 -27.97054738 1.06067596315 1.3310690513859902 0.9991443227286232 1.3310690513859902 0.9991443227286232 0.0 1e-06 0
2458316.35414 0.714849250630605 1.3705617075672543 0.427971 0.267844 9.42734193985 1.06361197294 -27.7884332298 1.06765244816 1.7121015988646988 0.8218446063155869 1.7121015988646988 0.8218446063155869 0.0 1e-06 0
2458320.3578 -1.497919229348294 1.7183562928880975 -3.97871 0.190862 4.77969790306 1.39225667193 -27.5042696709 1.07230575314 3.679253737093598 0.988909199948358 3.679253737093598 0.988909199948358 0.0 1e-06 0
2458340.35019 -1.102324134533116 1.7571860360464298 0.593108 0.303655 7.51129350366 1.40607771431 -24.2841366286 1.09554216738 1.4201998286284196 1.0091788085208004 1.4201998286284196 1.0091788085208004 0.0 1e-06 0
2458344.32842 -0.05582862559855145 2.2516306897330978 0.849628 0.378546 10.0222689112 1.44294756287 -23.2635172468 1.10016591122 2.623535983413856 1.6865485524083343 2.623535983413856 1.6865485524083343 0.0 1e-06 0
2458348.32342 0.5396495106562154 1.8821122143209355 3.87732 0.461941 11.6584727712 1.77998771666 -22.1492406438 1.10480914958 0.6319264687390886 0.400750082189309 0.6319264687390886 0.400750082189309 0.0 1e-06 0
2458449.75216 2.546730103381806 2.1995723420334437 10.9586 0.367941 19.2792324535 1.11687030528 21.7253065082 1.22269601804 -0.9535613100965018 1.8588541173383093 -0.9535613100965018 1.8588541173383093 0.0 1e-06 0
2458454.74413 -4.147563484086258 1.5715058207529593 12.2816 0.358185 16.0812991778 1.38130905122 23.3158738368 1.22849799624 1.213997023441563 0.6582699715657147 1.213997023441563 0.6582699715657147 0.0 1e-06 0
2458475.66733 1.3097019649413433 1.344486111549756 -4.4501 0.46764 3.95795888714 1.02615478503 27.9770348525 1.25281625744 0.34077302257396075 0.732094318861435 0.34077302257396075 0.732094318861435 0.0 1e-06 0
2458476.67422 -1.115520149566287 1.2630167553913527 3.18548 0.456145 10.1299811865 0.978954539102 28.0963944959 1.25398652366 1.301267170271591 0.6548214059954094 1.301267170271591 0.6548214059954094 0.0 1e-06 0
2458477.67854 0.14187597306044458 2.3614310500951836 1.68415 0.467446 9.48402092165 2.25114148135 28.2105596064 1.25515381654 0.8980734898648595 0.5387140914997465 0.8980734898648595 0.5387140914997465 0.0 1e-06 0
2458479.69961 2.432846373793281 1.179605798931082 11.5189 0.385543 22.2167457766 0.899339146701 28.3926704262 1.25750282796 1.5027289326820223 0.6587985543656218 1.5027289326820223 0.6587985543656218 0.0 1e-06 0
2458485.73811 0.19084970720024846 1.2562401231927383 11.7591 0.514545 18.3697762428 1.01675826032 28.7517830842 1.26452115666 -0.349462263234945 0.5287582908768763 -0.349462263234945 0.5287582908768763 0.0 1e-06 0
2458487.63688 -1.3181218442742229 1.5173379284083537 6.33374 0.451229 12.3964152161 1.26169455674 29.0075183763 1.26672802663 0.6093013915495264 0.7119224845722089 0.6093013915495264 0.7119224845722089 0.0 1e-06 0
2458488.76675 1.705667717488388 1.1994551984679847 3.28529 0.577163 11.6030218805 0.909879211288 28.7788485006 1.26804122471 -0.160744703863084 0.5269681825670343 -0.160744703863084 0.5269681825670343 0.0 1e-06 0
2458492.76349 -1.2248011739995495 1.1339811521312897 -4.97432 0.338438 1.25153868707 0.873562362974 28.7734573187 1.27268649458 0.6732057243048537 0.6389536536713324 0.6732057243048537 0.6389536536713324 0.0 1e-06 0
2458493.75175 -0.6886570325686148 1.2084349036148736 -1.46549 0.446704 -0.469737125243 0.974496035044 28.7739865527 1.27383510726 -5.094192842119082 0.5577884279414452 -5.094192842119082 0.5577884279414452 0.0 1e-06 0
2458494.69362 -2.5803240662513556 1.9320271576116332 3.77111 0.468982 4.05249741431 1.78810288873 28.8684236426 1.27492981465 -3.917985976275341 0.5616697256934801 -3.917985976275341 0.5616697256934801 0.0 1e-06 0
2458495.76506 0.704608281176905 1.2318874095380965 13.9622 0.368094 19.3407763545 0.897110323648 28.6618333749 1.2761751077 -2.1069746766116006 0.7597673750217001 -2.1069746766116006 0.7597673750217001 0.0 1e-06 0
2458496.7451 1.4378022289696004 1.2879998744279133 4.12194 0.50161 12.2067142254 1.04172319114 28.6544007315 1.2773141704 -0.1351098161442966 0.5675771995588998 -0.1351098161442966 0.5675771995588998 0.0 1e-06 0
2458497.76711 -0.721282949051252 1.253368496946257 -4.35979 0.48999 1.55986253596 0.941839708823 28.5393325584 1.27850201048 -0.1423341676534445 0.6661684110825515 -0.1423341676534445 0.6661684110825515 0.0 1e-06 0
2458509.76288 -0.7816204861750495 1.214577767021708 39.4138 0.460632 45.7423302733 0.895765471861 27.1400887958 1.29244425231 0.3129388649903535 0.6786910432077854 0.3129388649903535 0.6786910432077854 0.0 1e-06 0
2458510.73083 1.57453048887769 1.9654530405172403 -9.29491 0.370978 -1.2538576827 1.83415262497 27.0480440108 1.29356926495 -0.33181507871238636 0.6010533473358554 -0.33181507871238636 0.6010533473358554 0.0 1e-06 0
2458518.71064 -3.099944035009966 1.721187530208327 5.01844 0.341217 10.0560034234 1.06530789432 25.4305472887 1.30284390086 1.3298959153452692 1.308119475949663 1.3298959153452692 1.308119475949663 0.0 1e-06 0
2458524.76304 -2.376682104395965 1.9265366324572835 3.97656 0.264066 10.9159576027 1.46483865763 23.705876913 1.3098783855 2.501433679371269 1.2231354180807377 2.501433679371269 1.2231354180807377 0.0 1e-06 0
2458525.6884 -2.9422090849485794 1.371157605952038 3.56202 0.364445 6.99502138518 0.92696199217 23.5992595863 1.3109538953 -0.44051106735611717 0.9423345941907205 -0.44051106735611717 0.9423345941907205 0.0 1e-06 0
2458528.67592 -1.6273611346980168 1.236519243017528 7.86343 0.527854 12.9211951574 0.95512691709 22.7136319625 1.31442617603 -0.13406752607667932 0.5814486781264401 -0.13406752607667932 0.5814486781264401 0.0 1e-06 0
2458529.67794 -1.2156453892654389 1.2720706501178787 -0.749026 0.402037 5.7396862109 1.02518811125 22.3894177306 1.31559078361 0.8839991743807427 0.6368039934626516 0.8839991743807427 0.6368039934626516 0.0 1e-06 0
2458531.69276 -3.4890352388819212 1.2785210677739487 -4.53632 0.241045 0.882701146557 1.08570059633 21.6948618841 1.31793254155 2.085356201707225 0.6306882302923548 2.085356201707225 0.6306882302923548 0.0 1e-06 0
2458532.67299 -1.6081872465163698 1.4157276686025397 -1.42406 0.301301 4.67902233334 1.19076751391 21.4100630167 1.31907182535 0.8874301123216736 0.7039710696263642 0.8874301123216736 0.7039710696263642 0.0 1e-06 0
2458533.58889 -2.025291068025174 1.348031588954379 0.677229 0.270099 5.21593558846 1.11129407458 21.2841353245 1.32013634018 -0.26090632587952234 0.7136253742830101 -0.26090632587952234 0.7136253742830101 0.0 1e-06 0
2458534.62143 -1.199847980024956 1.2402929297170822 11.6938 0.360257 16.6205972885 0.996523656568 20.8559520734 1.32133642131 -0.69945879494974 0.6445789690593139 -0.69945879494974 0.6445789690593139 0.0 1e-06 0
2458535.5484 0.238363599361947 1.3978727886177829 4.85547 0.421337 12.0136258646 1.19794932283 20.6787364703 1.32241379931 0.0926108237033567 0.5843294323612833 0.0926108237033567 0.5843294323612833 0.0 1e-06 0
2458536.67918 0.5024017576571782 1.2093748020567987 -0.890281 0.353153 5.73698887277 0.941980634673 19.9921082073 1.32372807312 -0.7036276001918746 0.6712248910261531 -0.7036276001918746 0.6712248910261531 0.0 1e-06 0
2458538.67883 1.175415437492948 1.2053152362920767 -1.13224 0.332237 8.20703935644 0.929334702118 19.2576815259 1.32605218424 1.3330440925223566 0.691910692292449 1.3330440925223566 0.691910692292449 0.0 1e-06 0
2458539.55065 3.905239089102637 1.0580663302171411 0.401911 0.37272 12.6021215452 0.787586916721 19.2104093003 1.32706546691 1.4631383470126669 0.6002424588019304 1.4631383470126669 0.6002424588019304 0.0 1e-06 0
2458540.64035 -0.08159818886084486 1.1630146842089408 -1.01088 0.44224 5.93861465987 0.761797087939 18.6009650699 1.32833198588 0.19799322066614855 0.7594024854403693 0.19799322066614855 0.7594024854403693 0.0 1e-06 0
2458541.75126 1.1585511972995428 1.2762419128474853 4.94925 0.278145 12.9537728474 1.01905345041 17.9352465576 1.32962316361 0.01158084428576062 0.7162114522192274 0.01158084428576062 0.7162114522192274 0.0 1e-06 0
2458542.63236 2.0076526631875824 1.2382565626574484 3.47556 0.374757 11.75421747 0.84818836813 17.8400328659 1.33064722747 -0.5644100628422789 0.8206174492936614 -0.5644100628422789 0.8206174492936614 0.0 1e-06 0
2458543.63572 -2.6684105229203072 1.4214112106531398 nan nan 5.50509000264 0.800082033606 17.4312409043 1.33181339356 1.336919489815611 1.174852573419879 1.336919489815611 1.174852573419879 0.0 1e-06 3
2458544.65752 -0.58410383093467 1.3171897248971747 -5.52441 0.329415 4.6152133055 1.15751325973 16.9672965385 1.33300099394 3.885958500309974 0.5353854524645154 3.885958500309974 0.5353854524645154 0.0 1e-06 0
2458545.61128 -2.3880623576790714 1.2583583312665272 5.25357 0.356647 10.9311611614 0.956046104595 16.6813056883 1.3341095125 1.226776364384375 0.7363724961914334 1.226776364384375 0.7363724961914334 0.0 1e-06 0
2458545.63184 -1.575203246799071 1.3347384915587335 4.03287 0.294305 10.5233441732 1.07362328341 16.6257358657 1.33413341345 1.226776364384375 0.7363724961914334 1.226776364384375 0.7363724961914334 0.0 1e-06 0
2458546.63142 -0.8098373923321598 1.1638331982237122 -4.75679 0.301867 2.58331874593 1.03241539745 16.2109725951 1.33529518547 1.3098833106074634 0.4444125051202383 1.3098833106074634 0.4444125051202383 0.0 1e-06 0
2458553.59866 2.393034312339021 1.2010620025310674 8.74282 0.367832 18.5881705147 1.02496330802 13.2592748159 1.34339295715 0.6041556029962835 0.5066554755456656 0.6041556029962835 0.5066554755456656 0.0 1e-06 0
2458554.60457 0.8530341318637094 1.0428451087455812 4.6825 0.354997 12.5315440215 0.822474200904 12.792823113 1.34456208944 0.14668015803159454 0.5338906626574799 0.14668015803159454 0.5338906626574799 0.0 1e-06 0
2458555.50712 1.5753556387213186 1.1583383428437135 3.95081 0.45879 13.025176006 0.799606684196 12.5942019211 1.34561108077 0.648631644323985 0.7013477047728239 0.648631644323985 0.7013477047728239 0.0 1e-06 0
2458556.67321 1.222726068821733 1.3532452755335136 12.0391 0.397446 20.7162884995 1.10844387086 11.7000631748 1.34696638844 0.6027284000235713 0.6668295419229991 0.6027284000235713 0.6668295419229991 0.0 1e-06 0
2458557.60088 1.0370776480237869 1.062721387173415 3.37906 0.348661 11.50018861 0.889509982626 11.4340725334 1.34804458217 0.23123873762151753 0.4653861242486154 0.23123873762151753 0.4653861242486154 0.0 1e-06 0
2458559.73428 -0.5416964491974099 1.0318423448780156 -3.26389 0.297029 3.70747184621 0.905832829205 10.1832290708 1.35052416105 0.6577664921727135 0.39489148304034927 0.6577664921727135 0.39489148304034927 0.0 1e-06 0
2458560.48811 3.0150113299453545 2.6749838039497167 5.56184 0.451296 16.4355152751 2.54326558551 10.3391150784 1.35140030047 1.0024960024799483 0.6954641855320104 1.0024960024799483 0.6954641855320104 0.0 1e-06 0
2458568.57655 -0.7164637541360903 1.6422512018358242 4.0131 0.349448 12.4328951384 1.49365544159 6.31400557516 1.36080119358 2.2706900567913944 0.5864030414490948 2.2706900567913944 0.5864030414490948 0.0 1e-06 0
2458569.63735 -1.7193866842725367 3.581252132580952 2.06388 0.523929 19.6108418571 3.1689498978 5.66692227773 1.36203412396 12.39954677518784 1.583862931353776 12.39954677518784 1.583862931353776 0.0 1e-06 0
2458570.64245 -0.5593686948558985 1.4937649281474636 14.7611 0.294361 20.6719726745 1.17700207992 5.16889020165 1.36320231112 -0.3977285839787977 0.8714076922541428 -0.3977285839787977 0.8714076922541428 0.0 1e-06 0
2458571.62267 -4.082446101162109 1.8062400604357298 7.84697 0.310764 14.235663159 1.54388788838 4.73228882349 1.36434158873 3.6020300291974134 0.884499338802077 3.6020300291974134 0.884499338802077 0.0 1e-06 0
2458576.62667 -6.019357337104444 1.8087828752640536 -3.19676 0.338697 -0.0334877239662 1.10494665767 2.26746767609 1.37015755049 2.3077044204597486 1.3914283006106962 2.3077044204597486 1.3914283006106962 0.0 1e-06 0
2458587.50583 -1.877177689328666 1.5089307525059235 1.15617 0.347119 7.68168300186 1.12372853466 -2.81677771832 1.38280199603 1.5151210529639698 0.9453119041246456 1.5151210529639698 0.9453119041246456 0.0 1e-06 0
2458589.52629 2.553639198131169 1.824156841329592 5.91273 0.284164 16.5007029622 1.69712270093 -3.84032635781 1.38515030932 1.144415812584135 0.6054531698233598 1.144415812584135 0.6054531698233598 0.0 1e-06 0
2458590.51175 0.27340858848220123 1.6309188145705886 5.4931 0.254462 15.1273561043 1.20715788715 -4.28042294055 1.38629566583 2.4697842078131025 1.0667310372293657 2.4697842078131025 1.0667310372293657 0.0 1e-06 0
2458598.54339 3.4075304342962114 1.869290802859763 3.58831 0.204361 18.0830963305 1.41002597737 -8.14160688555 1.39563053997 4.186857714119092 1.210087364810085 4.186857714119092 1.210087364810085 0.0 1e-06 0
2458599.60441 -0.0428206310218216 1.3264784381289334 4.13056 0.279848 16.2949158734 1.01708074668 -8.74953041092 1.39686372288 5.305545139437126 0.8042244080121039 5.305545139437126 0.8042244080121039 0.0 1e-06 0
2458600.51571 2.5224808624005526 1.2009601706047415 -0.731447 0.39192 9.43734455421 1.04987783112 -8.99228731386 1.39792289909 0.7436201505347504 0.43181082050183134 0.7436201505347504 0.43181082050183134 0.0 1e-06 0
2458602.50134 2.7542644814287063 1.262779986729203 3.27863 0.257492 15.5891956704 1.04701205985 -9.86809920375 1.40023072809 2.651302818686598 0.6573255748488424 2.651302818686598 0.6573255748488424 0.0 1e-06 0
2458603.49154 1.076323366434362 1.2381226009355473 12.5859 0.353011 21.26628671 0.981876959977 -10.2946969091 1.4013815924 0.6979141089709414 0.6665196503450854 0.6979141089709414 0.6665196503450854 0.0 1e-06 0
2458604.48609 0.17951136480785326 1.2556072551643433 3.75864 0.485654 10.67063272 1.07428682455 -10.7301531521 1.40253751839 -0.17482380539254957 0.4319694319085605 -0.17482380539254957 0.4319694319085605 0.0 1e-06 0
2458605.53063 0.4700505097145536 1.1552780791633603 0.933376 0.491529 8.57574307757 0.873453640846 -11.2953393046 1.40375154841 0.2637973772607499 0.5745828222754643 0.2637973772607499 0.5745828222754643 0.0 1e-06 0
2458606.48717 2.5576173434357927 3.119659303177389 -0.835418 0.522407 14.2556399599 2.13448437663 -11.6239362323 1.40486330842 5.62380966587951 2.2143490104767634 5.62380966587951 2.2143490104767634 0.0 1e-06 0
2458608.58552 -1.6908862854884064 1.3761983557893254 3.49971 0.292736 9.92941568967 1.03662739605 -12.7380167351 1.40730213661 1.2085221963737107 0.8565227320641005 1.2085221963737107 0.8565227320641005 0.0 1e-06 0
2458609.61699 1.327208904990459 1.529297360996365 -15.5559 0.60991 6.44758842716 1.24840672077 -13.2247119548 1.4085009804 13.763010899624845 0.6389372972111829 13.763010899624845 0.6389372972111829 0.0 1e-06 0
2458610.48316 0.6030857095891136 1.3375836055125945 -5.67032 0.563735 14.1388803134 0.965494291213 -13.3488958184 1.4095076969 12.29183926472619 0.7342707437626455 12.29183926472619 0.7342707437626455 0.0 1e-06 0
2458611.37589 0.9632529550890137 6.310699857257022 9.3545 0.453232 31.7142883817 6.10069124287 -13.4872957559 1.41054528806 14.48122249632629 1.549541803802132 14.48122249632629 1.549541803802132 0.0 1e-06 0
2458618.58102 3.1168102710793613 1.1319938806764227 1.47342 0.291833 11.6851143869 0.862729463052 -16.8033997704 1.41891954065 0.17119693300594188 0.6722659589635215 0.17119693300594188 0.6722659589635215 0.0 1e-06 0
2458621.46698 -0.10397966698210298 2.5775309467725793 2.08911 0.294027 12.4475104402 2.3900186672 -17.6775341771 1.42227378156 3.535338683407407 0.9192522370304684 3.535338683407407 0.9192522370304684 0.0 1e-06 0
2458625.42717 1.4827578794078025 1.4112357303353622 0.679834 0.246784 10.6157183272 1.01867066567 -19.0127144153 1.42687655942 1.5214822461675015 0.9449836077021256 1.5214822461675015 0.9449836077021256 0.0 1e-06 1
2458626.56074 1.0003341833656774 1.4835342603890087 2.27723 0.314245 11.1403249608 1.31121125325 -19.6606847977 1.42819407154 0.9297990637296262 0.6187479544150872 0.9297990637296262 0.6187479544150872 0.0 1e-06 0
2458629.46353 7.213132038425624 1.7284948092334658 10.4545 0.339283 25.4518554003 1.23291435751 -20.4630539697 1.43156787658 0.8478878431896792 1.1629718562770412 0.8478878431896792 1.1629718562770412 0.0 1e-06 0
2458631.53043 4.896895589929847 2.0085268970883474 2.62948 0.309018 16.9209866038 1.78136292874 -21.2504423171 1.43397015236 2.455873219285457 0.8748910149995245 2.455873219285457 0.8748910149995245 0.0 1e-06 0
2458632.40365 1.822486523920736 2.031819342396609 5.20695 0.271512 16.3197840884 1.64086206024 -21.2716578221 1.43498507298 2.3505948493045685 1.167108723834571 2.3505948493045685 1.167108723834571 0.0 1e-06 0
2458633.44316 -2.082949564808087 2.2105331200563048 13.3113 0.299505 22.1644277551 0.921192745893 -21.6805616149 1.43619325793 3.9951164197533906 1.986997069639036 3.9951164197533906 1.986997069639036 0.0 1e-06 0
2458637.43614 -0.8347428264527725 1.1902931738939018 7.35763 0.435925 12.6038736858 0.958930314789 -22.8317960636 1.44083414815 -0.8646152780819234 0.5542741971045342 -0.8646152780819234 0.5542741971045342 0.0 1e-06 0
2458639.35524 0.20615921707788204 1.4466957630489106 1.38981 0.314459 10.4766733354 1.07880157491 -23.1718026348 1.44306464044 1.932871835737422 0.9111703079580815 1.932871835737422 0.9111703079580815 0.0 1e-06 0
2458640.36838 7.5446165700702394 7.9343460736344715 4.80411 0.334544 23.4657759112 7.83909828326 -23.4667534725 1.44424218141 4.168039517545064 1.1791802379685885 4.168039517545064 1.1791802379685885 0.0 1e-06 0
2458643.37818 2.5669305088322845 1.4230148074557587 9.82324 0.353016 21.5328448525 1.18716630404 -24.230485662 1.44774035211 2.190166349383019 0.7007046542961429 2.190166349383019 0.7007046542961429 0.0 1e-06 0
2458644.4203 2.5811741266446053 1.4961554350153663 10.6773 0.328277 22.7077742225 1.18136771959 -24.5642325836 1.44895157195 2.4955808816706986 0.8573713361882156 2.4955808816706986 0.8573713361882156 0.0 1e-06 0
2458645.36765 2.1662862411991943 1.3637592063821318 1.78426 0.441822 13.9803172667 0.844988071405 -24.6592411883 1.45005263977 3.074950743516109 0.9750013602507803 3.074950743516109 0.9750013602507803 0.0 1e-06 0
2458646.4752 4.3488024261381115 1.551288864631388 5.51739 0.424545 19.9680884444 1.09126302232 -25.1176528915 1.45133990486 3.1457884711771915 1.0175478861619252 3.1457884711771915 1.0175478861619252 0.0 1e-06 0
2458649.36344 1.6160583834620394 1.5013146538303932 7.81558 0.355297 18.5181280882 0.956031149804 -25.4733079237 1.45469679989 2.127025262693264 1.1016869665174 2.127025262693264 1.1016869665174 0.0 1e-06 0
2458650.41695 0.774318949310645 1.4476750516282226 27.8178 0.337684 36.3259920189 1.11600845442 -25.7882254867 1.45592125473 0.773184172704659 0.8580546025270346 0.773184172704659 0.8580546025270346 0.0 1e-06 0
2458651.37006 1.4747479824313892 1.4054260528735183 31.5775 0.405241 40.0359114505 1.01144034884 -25.8603757462 1.45702902798 0.021866797853914606 0.8876883139681528 0.021866797853914606 0.8876883139681528 0.0 1e-06 0
2458656.41524 0.14757953755718883 1.125051107111954 9.73348 0.380886 18.2083334721 0.860123209233 -26.7677713588 1.46289284467 1.3596134476981148 0.6171336269861956 1.3596134476981148 0.6171336269861956 0.0 1e-06 0
2458657.3759 0.10066919530554191 1.5074077534124044 11.3907 0.400756 19.2497850669 1.11237926335 -26.8216145065 1.46400939348 0.789638835909762 0.9350321587944139 0.789638835909762 0.9350321587944139 0.0 1e-06 0
2458658.37309 -1.3775043754979734 1.189537252095054 11.8235 0.329807 20.2271351307 1.07165499013 -26.9482892356 1.46516838796 2.8112034760432776 0.39721757135170843 2.8112034760432776 0.39721757135170843 0.0 1e-06 0
2458659.41539 0.17637768409851556 1.2824516697334503 2.06227 0.391598 10.2195052212 1.0408905989 -27.1641186715 1.4663798065 1.009710088466788 0.6386548776403029 1.009710088466788 0.6386548776403029 0.0 1e-06 0
2458660.36465 0.44502925720477887 1.2109804878208215 5.74961 0.332154 15.841235189 1.05031556289 -27.1733116458 1.46748309872 2.6743451909305245 0.5029758249801096 2.6743451909305245 0.5029758249801096 0.0 1e-06 0
2458661.37379 1.1839643924475352 1.3719024677934704 6.04306 0.304278 17.0287554023 1.03019559891 -27.304734849 1.46865599091 2.8283073767377687 0.8533629402840668 2.8283073767377687 0.8533629402840668 0.0 1e-06 0
2458662.38943 2.772606146509099 1.5616829243243453 2.14014 0.27346 16.0584846593 1.31267819967 -27.4412361658 1.46983643096 4.171134439706204 0.8005929856271229 4.171134439706204 0.8005929856271229 0.0 1e-06 0
2458663.4152 2.226848192767028 1.5498660393433201 4.13796 0.409559 15.3017868935 1.36111509723 -27.5863275186 1.47102863741 1.9611824211482753 0.6178283398460476 1.9611824211482753 0.6178283398460476 0.0 1e-06 0
2458664.39017 0.2487355332703413 1.3125113025976392 7.35182 0.291413 15.372947695 1.07074976412 -27.6242494733 1.47216180836 0.7954627112249621 0.700898941021618 0.7954627112249621 0.700898941021618 0.0 1e-06 0
2458666.36337 1.5945406526682244 1.2627356475183804 3.88951 0.320427 14.6793452429 1.08466922328 -27.7177405457 1.47445518665 2.216071761357079 0.5615340855621586 2.216071761357079 0.5615340855621586 0.0 1e-06 0
2458680.38308 0.411822133186513 1.220643511786791 1.54134 0.344249 11.1312198499 1.03253605892 -27.875577959 1.49074978146 2.182540293098791 0.5525689965026787 2.182540293098791 0.5525689965026787 0.0 1e-06 0
2458681.38306 -4.216790526942659 1.2748758064479742 1.34479 0.283808 5.16469741718 1.08991396325 -27.8264042473 1.49191202112 1.0400182808179632 0.5973683065842439 1.0400182808179632 0.5973683065842439 0.0 1e-06 0
2458682.38821 -0.9431300560579967 1.5809212767235759 2.47399 0.371443 9.82498903017 1.41308676899 -27.777392613 1.49308027282 1.2962811712233009 0.6037615127201122 1.2962811712233009 0.6037615127201122 0.0 1e-06 0
2458688.35817 -0.07073825334855549 1.5361998061988453 2.40316 0.310729 9.88129552278 1.35518331691 -27.2406119647 1.50001893017 0.5440872037738596 0.6533264962337222 0.5440872037738596 0.6533264962337222 0.0 1e-06 0
2458691.37685 1.1588665243636649 1.300895192422815 -0.915823 0.341043 9.79129748133 1.14689951253 -26.9171037794 1.50352743259 2.5399588822016383 0.5105286299195855 2.5399588822016383 0.5105286299195855 0.0 1e-06 0
2458693.34306 0.14332882376317863 1.291339668751613 5.78519 0.402569 14.630963711 1.04007088495 -26.6001680773 1.50581268988 1.691864555212125 0.650959979262519 1.691864555212125 0.650959979262519 0.0 1e-06 0
2458694.35516 1.4938810933313096 1.1224379271427298 0.952968 0.338385 11.5416631668 0.837617087075 -26.4695203368 1.50698900606 2.083057425213995 0.6661532162375008 2.083057425213995 0.6661532162375008 0.0 1e-06 0
2458695.34513 2.2769661517292215 1.5142266668921966 3.19459 0.297943 14.2825685181 1.20402545994 -26.300046914 1.50813961439 1.798105109766083 0.8685822121642904 1.798105109766083 0.8685822121642904 0.0 1e-06 0
2458697.3532 0.596890339256462 1.6089526043476268 4.29597 0.361635 12.7142863425 1.33239854236 -25.973976311 1.51047352053 0.8061848405688421 0.8262340674074756 0.8061848405688421 0.8262340674074756 0.0 1e-06 0
2458699.34635 1.44962799019876 1.4649371790918704 5.0883 0.472073 13.8688223892 1.22194264909 -25.5964928249 1.5127900831 0.31333667375654384 0.655777541306752 0.31333667375654384 0.655777541306752 0.0 1e-06 0
2458701.34462 3.090681250501939 1.8733473786866028 4.33765 0.35641 16.809752438 1.70961209004 -25.1949320463 1.51511260154 2.3615409438133645 0.6779593016617274 2.3615409438133645 0.6779593016617274 0.0 1e-06 0
2458704.3504 2.122913224683969 1.6998218591106733 4.27337 0.318407 14.8157720772 1.463400679 -24.5483722828 1.51860611101 1.3961150993613358 0.8040334494019619 1.3961150993613358 0.8040334494019619 0.0 1e-06 0
