2457476.7027 4.253612135855239 1.665339972776289 11.6854 0.279007 3.20967072379 1.33842989929 12.8036176652 0.0 -2.7655994271636475 0.9508510522490565 0
2457505.64734 2.5402173869613436 1.433263657346349 14.6018 0.322931 3.57820005798 1.20782715088 7.96799813772 0.00103932108787 -3.601114665159752 0.7007951585918402 0
2457510.66969 2.1328300008004573 1.201528313052993 -10.2013 0.442501 -24.5598102646 0.927614775689 6.85288237702 0.00121965974297 -6.528817940198866 0.6224098167532801 0
2457529.53684 0.052073927408356924 1.024885636107306 10.9055 0.167363 -1.96661755933 0.691937987707 2.67458013223 0.00189712639898 -2.9623466282067668 0.7372937097915961 0
2457539.57882 -4.209446682552814 1.6991358304328767 8.06268 0.471339 -10.278786787 1.4388699093 0.143913172335 0.00225770605121 -4.170535825645596 0.7710742515760227 0
2457542.60341 4.991447633536118 1.7504993303922882 4.86597 0.279465 -2.92613589982 1.05263392708 -0.644435798701 0.00236631075784 -2.8221778592145266 1.3704411826273242 0
2457550.5229 -3.00824127127089 2.261164305680756 6.39569 0.33217 -10.2600387254 1.64128073581 -2.44594252775 0.00265067741751 -3.6863961466275206 1.5194487996110968 0
2457553.51861 0.0689582125828011 1.6267626865658937 -38.4598 0.332698 -53.5859826244 1.29469046735 -3.15783179907 0.00275824511105 -5.2341570971812095 0.9270628204001963 0
2457604.42184 2.480089400993379 1.900280958147428 -144.982 0.272073 -151.243972927 0.922820228483 -12.674345654 0.00458603770228 1.217093618988212 1.6387332999823454 0
2457620.39064 1.6984739105224596 1.725886150824952 2.56509 0.308472 -9.1823028237 1.46133125205 -14.0451054616 0.00515943293363 -3.4872841822208684 0.8648924803654217 0
2457630.48093 1.0175561173151455 1.9547322899801873 6.76368 0.348759 -6.57641069677 1.79408515284 -14.5452320096 0.00552174720236 -4.399426576413555 0.6932560492126189 0
2457634.45421 -0.06711985653779473 1.9262590941278261 10.2362 0.28554 -3.89112933778 1.79365073303 -14.5594834745 0.00566441645623 -4.102131912760614 0.6416837647917821 0
2457802.67646 -2.970858024651023 1.2515997386758864 2.31962 0.260116 -12.0468065085 0.817704723878 14.5163966292 0.0117048078001 -1.4435313067473854 0.9111534211888435 0
2457852.54555 -0.8375321978072178 1.297360695998429 3.65371 0.28094 -8.4468898216 0.859488711759 11.5493909188 0.0134954677281 -1.3128211065911912 0.9303207222679092 0
2457853.5267 -3.706949043995811 1.1767002554455486 4.29376 0.221025 -8.4929668728 0.715486061603 11.4145900846 0.0135306981832 0.8704334578974018 0.9076624571905605 0
2457880.65081 -1.596310791530362 1.1031501516650637 10.3771 0.384064 0.44611308975 0.66188796109 5.81576616172 0.0145046490327 1.614561217151952 0.7945687056426286 0
2457882.59991 -1.9125819999576432 1.2012308700813652 8.34452 0.368968 -0.37014376596 0.711260316131 5.46152366306 0.0145746360628 3.147085582839234 0.894945239055847 0
2457917.54168 2.6433729213402377 2.8542434587448433 nan nan -5.36749629611 0.796064767925 -2.89084152931 0.0158292973277 1.9370434701213526 2.740982781240379 3
2457942.5281 -3.6681812758947347 1.5494436106175946 10.2656 0.487802 -7.4416786844 1.03845148655 -8.43660073379 0.0167264901397 -4.092081913703675 1.0413660362082062 0
2457948.59945 -0.3698857069080237 1.5672828353563533 10.9087 0.290154 1.11465256787 0.919303108794 -9.6729175409 0.0169444953656 0.5226357643196137 1.2357459028653799 0
2457949.41592 2.221331037092717 1.3238592111536382 8.24459 0.292243 -5.47312886588 0.885061463437 -9.55852830178 0.0169738125281 -5.9922817305911265 0.9401401203254431 0
2457951.42475 1.1485982624537363 1.4681064066095486 6.32715 0.370478 -1.29034549888 0.765038356788 -9.93822289263 0.0170459437567 1.1806022798078548 1.1969957331954824 0
2457979.42827 -1.8320277677516708 1.16945904378748 5.86678 0.313766 -2.38806753398 0.819872042505 -13.6621968518 0.018051471963 3.522870746713262 0.772654635823499 0
2457981.40303 0.24125358222185478 1.2998678496892038 1.29818 0.408289 -7.96051505707 0.889949954074 -13.7833164394 0.018122380287 0.44567096531973593 0.8549535650422742 0
2457987.37868 -2.24733950327613 1.029553642409235 5.18728 0.398412 -4.76839737446 0.769954327537 -14.1352473619 0.0183369490439 2.23706716467772 0.5553547644185385 0
2458031.30322 -2.3437265279610764 1.590516187295101 -32.4949 1.12911 -51.9416400719 0.674386782062 -12.3728403428 0.0199141568351 -7.159185715937332 0.8944578347454374 0
2458303.49036 0.49992963212827457 1.4585901426716983 6.47113 0.45601 -0.987836936998 1.05745238632 -7.49111318526 0.0296876373034 1.9751577784733163 0.8951729078130399 0
2458309.45203 -1.097881994313743 1.7284560858283726 1.68094 0.499273 -7.00568854018 0.743487266427 -8.63843099863 0.0299017041143 2.3450937349253334 1.4783482664004393 0
2458338.55477 -0.8359964499120952 1.4607337754054575 3.23271 0.441435 -4.46905058638 1.02749263518 -13.2230917306 0.0309467023475 3.0670311460836857 0.9397537911819517 0
2458492.74525 -0.09304427297326379 1.320733639643182 -5.69553 0.486263 -15.0426272813 1.04862951998 9.32800863939 0.0364832522367 0.6732057243048537 0.6389536536713324 0
2458538.6906 0.5443218591892346 1.1600536973105007 -0.223275 0.369028 -8.27151801179 0.854869878842 14.6753888818 0.0381330214037 1.3330440925223566 0.691910692292449 0
2458559.59795 10.292450581996876 3.2628794816952604 nan nan 1.02535883515 3.23889537168 14.2352887864 0.0388837458777 0.6577664921727135 0.39489148304034927 2
2458559.6292 0.29043864589887647 0.9631012425433234 -1.81301 0.299762 -10.7896619788 0.825692111726 14.1933567706 0.0388848680155 0.6577664921727135 0.39489148304034927 0
2458576.66796 1.6495839720118424 1.6530678976801905 -3.60511 0.523416 -9.57206691013 0.722908327207 12.3284930369 0.0394966822984 2.3077044204597486 1.3914283006106962 0
2458604.55126 0.6899803018841403 0.9726452744549904 2.59724 0.535002 -6.81084759465 0.687905589316 7.48092428374 0.0404978937574 -0.17482380539254957 0.4319694319085605 0
2458631.63369 0.6930349661061342 1.2691751680919205 3.68252 0.29131 -3.09084345112 0.872072131807 0.970975074522 0.0414703483903 2.455873219285457 0.8748910149995245 0
2458650.46204 2.0863846955369314 1.2895086610878752 28.1801 0.505138 21.1180733051 0.819396416308 -3.32273337286 0.0421464217816 0.773184172704659 0.8580546025270346 0
2458659.50945 3.806068811484803 1.1927970125845895 2.0097 0.655158 -3.09579179574 0.765279462375 -5.50756699421 0.0424712892045 1.009710088466788 0.6386548776403029 0
2458664.44745 0.7697094513366279 1.0326684267622939 7.97359 0.368849 -0.382331223583 0.662642565268 -6.49842559364 0.0426485987621 0.7954627112249621 0.700898941021618 0
2458680.43492 -1.6561483128872 1.0772872287742168 0.926719 0.304774 -8.4674083404 0.873114016786 -9.6817210297 0.043222664286 2.182540293098791 0.5525689965026787 0
