2457915.61296 -0.03223909056492402 2.172829393647379 4.92539 0.506873 19.2786569055 1.872862038 23.3591594351 0.0 -0.7801720222471715 0.9780874819523324 0
2457924.64525 3.583307569246952 2.233991648429531 6.47308 0.407963 28.8834523211 1.68481562242 20.2538284545 0.0158756512958 3.6455110822409513 1.4091420064479798 0
2457930.64795 0.022088973114733013 3.6226707712555437 -4.41088 0.401656 17.4077290167 3.430816217 17.949556932 0.0264263240011 6.604415701273171 1.0917490827742615 0
2457938.61439 -2.535606749361258 2.7211742371988903 16.8752 0.473089 20.4093720672 1.35673354637 14.6982568213 0.0404285851208 -9.136327786820837 2.31089811792661 0
2457977.54183 -5.96263815155637 1.9260205686467111 11.8274 0.350792 24.4515951546 1.48481721316 -3.93140560819 0.108849580557 3.3123057073442745 1.175507569979846 0
2457987.52667 2.4531164787391946 1.7791564908771473 -2.74751 0.344374 16.561368068 1.65495500548 -8.84660730103 0.126399484111 1.5636840867487083 0.5549128733476414 0
2458043.30135 -14.57024525050708 3.9606040332410117 nan nan 1.86296062847 1.29908540118 -28.3619156524 0.224432139583 1.0430957210749852 3.7414918720432855 3
2458290.61283 2.3928571064730595 2.8722674028644595 11.4336 0.565697 32.0467650867 2.49979325906 20.043248383 0.65912039295 2.3955095689148433 1.2965109331333788 0
2458303.56879 4.906702404114588 6.007706380222037 4.95657 0.533906 27.6860007058 5.91659917514 14.9503565626 0.681892504977 1.9751577784733163 0.8951729078130399 0
2458310.58253 1.072796814101916 2.125611698638116 10.1469 0.494279 28.4106641266 1.80986849962 11.7948414989 0.694220242739 1.3310690513859902 0.9991443227286232 0
2458330.52096 3.986772067028358 1.7042597470417695 1.93467 0.591017 22.9200892825 1.33763226689 2.27963125696 0.729265111325 1.103704085859545 0.875180044157692 0
2458345.45406 1.0789312477245558 1.9141762235824973 6.31593 0.593571 25.319506317 1.71937932115 -5.08225767226 0.755512349406 2.003454701563349 0.596220456609585 0
2458353.42708 -6.0723959329192185 2.350420458329534 2.02246 0.54707 14.3675499161 1.98663106815 -8.93714150014 0.769526177897 2.482281652807122 1.1307023238326113 0
2458359.43892 0.7198342494341298 2.384041624519165 3.62208 0.420749 19.2306361496 2.1322801475 -11.8139896509 0.780092921607 -1.0570490397462249 0.9797990197055082 0
2458366.44745 -0.0781876861537264 1.7817513030861338 9.30194 0.551336 24.9102243661 1.48629674545 -15.0328586007 0.79241148919 -0.2716174552583687 0.8133807875995421 0
2458385.3659 3.3761285953135864 1.6096196417541322 2.01432 0.400528 21.3990563632 1.36929713654 -22.3765143663 0.825663601604 0.017266147974317306 0.7453040078966018 0
2458390.40333 5.657668103068161 2.4728119336762306 5.47192 0.409587 27.7663262945 2.38535698216 -24.1130221176 0.834517672325 0.6365425007197427 0.50705957877617 0
2458398.39287 3.6206185316746113 2.156166656770923 3.55799 0.421744 23.204278883 1.78057594283 -26.377702337 0.848560513435 0.011431819613294559 1.1404981201299695 0
2458417.35984 2.089887432054053 2.4474462492706466 -0.483307 0.406991 17.9716413766 2.26790767537 -29.6689644775 0.881897910068 0.31748501613385116 0.8251946709595753 0
2458638.6274 1.2234723700482686 2.7409286384707534 -1.74068 0.520544 15.7988133731 2.50564495035 25.4801621624 1.27080993596 -0.1204669511603642 0.981563613856154 0
2458645.60611 2.8195155822717948 2.608458723744552 -2.25163 0.329182 20.091590445 2.39688724639 23.5323033429 1.2830761009 3.074950743516109 0.9750013602507803 0
2458650.59856 -6.712470710886755 1.9267141804900731 24.61 0.441955 35.1282425852 1.66752679449 21.9378339638 1.29185110507 0.773184172704659 0.8580546025270346 0
2458657.58581 -1.1523486397218576 2.250536513919434 11.5597 0.391152 27.6668005002 2.00938537254 19.4776465914 1.30413228574 0.789638835909762 0.9350321587944139 0
2458666.60781 0.8873528729308263 1.938964741263025 5.77151 0.500125 25.3606025011 1.7872153544 15.813245709 1.31998984843 2.216071761357079 0.5615340855621586 0
2458686.59861 -1.1937006815091884 2.4013328632255435 0.180295 0.438386 18.3198441002 1.90384435572 6.6549427708 1.35512678225 2.8124449810970917 1.3962785911845899 0
2458693.50172 -3.3333297815242204 1.9053440986371457 10.5689 0.317064 25.4603728595 1.76240110631 3.4651031134 1.36726006753 1.691864555212125 0.650959979262519 0
2458698.5349 -0.9937849940864648 1.8095498654975168 2.34312 0.389421 19.2838597434 1.608632509 0.855359955949 1.37610665479 1.3927400643743701 0.7315213267308842 0
2458704.51969 11.336406504226572 2.518088604041788 4.55719 0.517932 33.8420154874 2.32938766062 -2.1275297135 1.38662586555 1.3961150993613358 0.8040334494019619 0
2458713.54339 0.6962341877751982 2.114002867322553 3.75604 0.423408 23.6386807624 1.77491053443 -6.66430865055 1.40248641419 2.6182421421127056 1.0674391708026714 0
2458718.43244 2.4983074804696708 2.1032193896997997 2.8393 0.405046 23.3718042227 1.97634923091 -8.80759531013 1.41107967595 1.4574390480182338 0.5945698079742019 0
2458723.53186 -6.408414677865992 2.3453956664050093 3.67651 0.459994 15.019093168 1.8816951501 -11.4739788596 1.42004268804 1.1652771394938966 1.322312260414154 0
2458741.49565 4.8376746261207595 3.947403092736297 1.39343 0.326958 24.8371861858 3.85779795556 -19.252359486 1.45161683764 1.9887867037671436 0.7697301974295885 0
2458756.36754 -2.4470044630797356 1.8981895035718952 3.88911 0.439385 21.6371427414 1.56673904752 -24.2723961506 1.47775649657 3.55160268966764 0.9774420546585649 0
2458767.34422 0.7306880268843677 1.9025553286881896 7.16372 0.531663 25.4149811785 1.51076540444 -27.1423129509 1.49704970107 0.8578454322035352 1.0269562434270538 0
2458773.32673 -6.56610663469441 1.8973050011816035 2.81878 0.409211 13.7117789853 1.76744185993 -28.3086972415 1.50756488837 0.7858627133023143 0.5553934612029745 0
