2457421.28214 -1.1606052393193018 1.3376918160979774 2.10697 0.442445 -10.2944420688 1.10888178932 -20.7232665638 0.0 -3.586740883524007 0.6033597551595083 0
2457557.65229 -4.469893989644901 1.6461851002920975 5.79631 0.219555 -8.20663214564 0.879054645971 20.7205058182 0.0689552102204 -1.9479374202984079 1.374403112553127 0
2457575.65832 -1.473187100999569 1.0334693708295075 7.5012 0.292514 -2.40756733384 0.733977815203 22.0169839374 0.0780599155902 -0.859574202473741 0.666161442171625 0
2457587.62708 1.0922161574698621 1.3085649262248256 0.428161 0.316384 -5.45019989103 0.878669253046 21.804360629 0.0841118863038 0.5993770111568277 0.9166153361372816 0
2457597.56817 0.2259122500416259 1.3124241577607842 -9.38537 0.361411 -11.0700975651 1.10483400507 21.0396508661 0.0891385709396 5.654287559875064 0.6092463214612897 0
2457617.63853 -0.40813505260764665 1.5979492823788406 -0.42874 0.527268 -12.2790868806 1.25661698203 17.4006250412 0.0992870945633 -3.8874329766356626 0.8344723636677271 0
2457620.56206 -0.5940849643000997 1.3616722807983417 2.60364 0.30185 -9.81102382444 1.00761251055 16.8383882407 0.100765370733 -4.26727828494321 0.8647282847097396 0
2457621.57556 1.926113397137655 1.5649010586896328 1.18822 0.44771 -7.15159932622 1.05900751071 16.5679303076 0.101277844016 -2.7131446214209656 1.061590397298512 0
2457625.53626 4.595583903935941 1.4009118291806004 -5.04903 0.330819 -12.1754275177 1.15163065459 15.6157923568 0.103280564695 -4.171196040349251 0.7258509335866613 0
2457626.56999 -1.2903315829992452 1.4024309269855968 6.08753 0.272855 -5.01118394438 1.13159408625 15.2816260043 0.10380326476 -2.2581196801440644 0.7822131921069121 0
2457629.4664 4.542333071391741 1.595812029456135 6.17266 0.446968 -0.414045868588 1.03873409675 14.6368413496 0.105267826681 -3.5802408207050505 1.1259960553171695 0
2457630.57957 -2.303717428825909 1.312512731825718 5.24301 0.33637 -9.45720030072 1.06241795893 14.1357194439 0.105830698539 -4.848257624517402 0.6934067888553885 0
2457633.57744 -2.204977513346808 2.1845628713939242 39.4668 0.192301 24.4453070215 2.06571421922 13.2451211333 0.107346563691 -5.269796082896502 0.6842222072996512 0
2457634.43983 0.4361701238220343 1.3402753930638558 9.89929 0.433186 -1.24752332754 1.09401855352 13.1965584546 0.107782630118 -4.036700135565344 0.6417253487319707 0
2457635.38723 1.1030883928964663 1.7040971359754147 3.43901 0.376272 -6.98555350342 1.52585046117 12.9625518323 0.108261681174 -3.981847631539776 0.6588981719442083 0
2457636.39558 1.783714572353577 1.6172316222030547 3.98535 0.422287 -6.08929550229 1.46808217286 12.6397689286 0.108771549497 -4.313065678196886 0.5308922143015704 0
2457641.603 0.44418204610579987 1.4647029251297938 11.7329 0.280059 -5.27582330135 0.999479631141 10.6386202826 0.111404668606 -9.910244070149108 1.0334225091157945 0
2457642.71192 -0.38591501993379734 1.5392183560712325 6.81039 0.297243 -6.6582584223 0.991260286845 10.1468602377 0.111965392061 -5.540632848509512 1.1394045771147834 0
2457643.50606 -2.4071694632396614 1.2764903564292431 6.38852 0.291627 -8.09384104223 0.908899541944 10.1558390165 0.112366946448 -4.533492579503649 0.8475157494597788 0
2457644.34122 -0.05376539919852104 2.623159596313856 -6.91771 0.469902 -16.0565215324 2.45909715744 10.0867673037 0.112789241444 -1.5437694287147896 0.7829428768365608 0
2457644.37249 -0.321567486194365 1.2018237418333975 -9.13572 0.29241 -18.6846023442 0.863823310837 10.049466293 0.112805055884 -1.6860539678989457 0.7827426051952648 0
2457646.42949 1.730519060050254 1.600716351625998 2.28774 0.445919 -3.61462574613 1.36814253128 9.27426689753 0.113845172637 -0.09266403286356356 0.7011669543714969 0
2457647.50506 -1.2771372613488061 1.2515222298201114 8.41425 0.52063 -5.00646435718 0.776810271484 8.78073949193 0.114389029263 -4.603900179094503 0.8317560321101787 0
2457648.63861 -2.9515717721496695 1.5095461330529292 -0.226079 0.287652 -11.363575438 0.953283193446 8.18297027798 0.114962205871 -0.6468209257936413 1.1345646776649339 0
2457649.57861 -3.8342499710033495 1.452502938352287 -1.15035 0.400716 -12.7638483116 0.84061699028 7.93208293617 0.115437513024 -0.2406199076399611 1.1146993087454549 0
2457650.38078 4.424202350523487 1.805306442339595 6.18804 0.33211 -1.36743606078 1.57759399884 7.95255299735 0.11584313114 -4.441455596486797 0.8124232108186731 0
2457652.71799 -2.730874880414853 1.6258290947911982 7.56573 0.429415 -7.7602974107 1.35133658219 6.67422531179 0.117024932383 -5.058111516728457 0.7954950942004121 0
2457653.55636 -1.6194251108183064 1.3251410270155999 3.83835 0.475371 -6.72397281692 1.05915572743 6.53549208199 0.117448854296 -1.4062806144250026 0.6389133735507682 0
2457654.64973 -0.15105870877977684 1.7528388341571435 17.9805 0.291258 4.52926505317 1.58123812467 6.0160646519 0.11800171576 -5.764112007863533 0.6980678685051854 0
2457655.69948 0.9344237401889314 2.0762717220841043 0.910431 0.350879 -10.8586493864 1.90021718523 5.59674969225 0.118532519575 -5.167970700232241 0.759580700281303 0
2457656.33433 2.5208258107419423 1.8907859588231695 1.47315 0.413656 -4.79025792032 1.75003790571 5.83957119593 0.118853525109 -1.2490213102152528 0.5842324745334058 0
2457657.44529 -1.4879572959476166 1.6231989798119133 4.04129 0.45687 -5.97429461449 1.35191228383 5.27669691207 0.119415283721 -0.9929766562956934 0.7735489047230708 0
2457659.33653 0.7254140531101766 1.2845429937969872 -6.47868 0.379209 -9.85963128865 1.03646530783 4.71374139269 0.120371583495 3.4273290206965132 0.6572601485597419 0
2457672.58961 -0.3890356572340788 1.1659054612574362 0.141922 0.443123 -9.19130889572 0.955854853647 -0.769214697482 0.127072966917 -1.417202259449231 0.4993185858900459 0
2457673.36478 1.7888730079249326 1.100633765151593 -7.78821 0.288572 -12.2815142323 0.926209624435 -0.732801461445 0.127464929155 1.2444237765817574 0.5198621138453972 0
2457673.51226 -0.030619053821744083 1.2677851194492236 -10.7064 0.386161 -17.6901842015 1.09020059588 -1.02744668932 0.127539502541 0.5733612957384341 0.5192508564348799 0
2457678.43324 -0.18679297319561955 1.2188682597717935 -5.49684 0.260921 -9.50793139265 0.920959099597 -2.80763818964 0.130027783758 3.6997397427423095 0.7545822707350265 0
2457691.32747 5.467251715760182 1.2136157433815407 -4.54778 0.347959 -3.52284828825 1.04943217815 -7.57135580989 0.136547716977 3.0751982249695073 0.5004795803646166 0
2457693.31136 4.071617855347652 1.2149126733770106 -1.7068 0.318076 -3.83846187731 1.00370511718 -8.2846622411 0.137550866563 1.3132353467390379 0.6061489090145578 0
2457703.36546 5.542384467391834 1.3948775222134966 4.70464 0.366515 0.297313178349 1.2058862819 -11.9380470012 0.142634696316 -2.438280039405144 0.5976523503434966 0
2457704.30778 5.084458382608331 1.2730497775113812 1.05479 0.304106 -0.826046076429 1.13545737853 -12.1598183439 0.143111178032 0.5456603088883595 0.4887860660072828 0
2457705.33 3.867028112508981 1.4868505046445821 1.04697 0.354693 -1.70467387415 1.26735542622 -12.5357484383 0.143628060525 0.8917658987677087 0.6919013820954193 0
2457706.27042 7.158474923900948 1.3494844496114504 -1.97917 0.363436 -3.43023782032 1.00402449609 -12.7514558365 0.144103580417 -1.0995803786842575 0.8252014086808335 0
2457709.49675 2.2629190947437205 1.3319323308733104 -2.59912 0.299361 -6.23290923152 1.07815653936 -14.1238494368 0.145734964992 1.6116226547029695 0.7224992749725377 0
2457753.35464 -1.30940964770977 1.7678031965500633 2.82909 0.375705 -5.88644867158 1.08682497294 -22.6831975086 0.167911596551 0.08002532553646036 1.3426784324260466 0
2457762.31736 0.8050373718656995 1.2379630610464483 0.0145638 0.286158 -6.506844326 0.93674544045 -22.8756299585 0.172443571797 0.1551768763009902 0.7570826370671041 0
2457921.55065 0.37142297553968023 1.2159161878327416 -2.35039 0.314629 -3.18478228042 0.675364241711 20.637465748 0.252959466418 6.1952912235870095 0.9609078567749825 0
2457947.47237 -4.422963264528319 1.4495524489413953 8.5226 0.410328 -3.13994989344 1.00214149936 22.1845789474 0.266066718023 0.1484125989850079 0.9636107356769011 0
2457961.43361 -2.1804666784470252 1.0535666016205532 4.41711 0.308795 -2.9769859579 0.722412594783 21.3197945495 0.273126183589 2.1673104829137153 0.7019745543288906 0
2457968.41542 -2.0487063187149 1.1777836797147692 -0.731211 0.358824 -7.89756011869 0.766795848469 20.4307823926 0.276656516062 2.2597666299215895 0.8188063629437484 0
2457986.59052 -1.0200835765504737 1.1511295252289973 -8.2119 0.348336 -17.2675810855 0.819824719176 16.6070995916 0.285846712183 -0.6673782752128357 0.7291424036403366 0
2458030.48504 -3.2502034635412738 1.770918585557979 10.336 0.717248 -8.81422154741 0.886190249196 2.23027873865 0.30804185933 -8.553993997202035 1.3551290659534676 0
2458065.41526 1.0323776847334964 1.159400052005972 9.91703 0.513258 4.3591944425 0.717755501128 -10.9074863713 0.32570423463 0.738148469093194 0.7520649883009021 0
2458136.34727 -0.626638326125329 1.2933101758241856 6.88647 0.452148 -0.343793060506 0.832645936435 -22.6152314485 0.361570818651 0.6888703929220189 0.8802920773953556 0
2458143.29192 -1.3343295155217163 1.3227378858222116 1.78517 0.511726 -5.26805132325 0.734119363992 -21.9309204284 0.365082363333 1.5700917748884067 0.9740845830447642 0
2458297.65138 0.8833335537439755 1.2692534576824428 7.23632 0.261288 1.43626873133 0.968372593253 21.6388850105 0.44313382363 0.5275472999127145 0.77780938637905 0
2458302.61884 1.424416997172301 1.146157595761411 -1.32264 0.286972 -6.48341314983 0.90052205188 21.9563202107 0.445645606431 0.623230192524389 0.6483705264859495 0
2458321.63712 -4.082169995332807 1.1675882763016876 3.4761 0.307759 -5.42878394651 0.830621062216 21.544932849 0.455262151097 2.3760898436894977 0.7606677539367291 0
2458326.60291 -3.8438321225412198 1.0667077411327717 6.27915 0.300799 0.051240451796 0.591986844484 21.1311752593 0.45777308951 4.8122154307879095 0.8348274926897074 0
2458329.44766 -2.266925840157058 1.131524555140874 0.56357 0.440559 -8.15971908004 0.674339158468 20.9835281752 0.459211529763 0.7384911763137479 0.7946837646272464 0
2458332.48778 -3.578830168022203 1.1272574713524615 7.9629 0.384546 -1.42234163246 0.712090871674 20.5540208779 0.460748760357 1.3869057211588938 0.7847040022089047 0
2458334.55446 -1.5307339794212595 0.9993737713198905 2.37019 0.290255 -4.66051287006 0.668526322117 20.1663296942 0.461793772191 1.6923032831279499 0.6837927510684142 0
2458336.67843 -2.015739261441052 1.3457463860992287 6.1324 0.382505 -2.17260960011 0.684598761009 19.6260177599 0.462867749948 0.9019278573377427 1.0936397016837216 0
2458339.50368 -1.353604157279489 1.1878977292702746 5.20921 0.403248 -1.76822822933 0.868779045168 19.4067601586 0.464296328759 1.565935545146179 0.7026485866911486 0
2458341.66497 -3.162188524968569 1.790757511609031 -3.42879 0.38062 -10.6666046881 0.627431398482 18.744003319 0.465389179719 3.113050603055259 1.6334842274055577 0
2458353.40272 -0.258932337150432 1.4870053857672942 2.25039 0.364355 -2.7090022877 0.894395162194 16.451649147 0.471324342602 2.482281652807122 1.1307023238326113 0
2458356.42631 0.6545448608467842 1.0212364633429412 5.00249 0.322183 0.493090758914 0.816273662797 15.6440682881 0.472853213069 2.0172686309599057 0.5223211042989604 0
2458362.51563 3.296754173291884 1.2275570429411873 9.1803 0.426258 6.00440189812 0.697776219808 13.8100073288 0.475932263002 0.7054814077748063 0.9155920260583464 0
2458382.4869 1.5326237360071497 1.2112343933610918 7.29059 0.305455 4.51775206122 0.740654086831 7.20154490121 0.486030681961 2.862573589209541 0.9084148404208834 0
2458392.5687 3.735105299720523 0.8715973093041874 2.40532 0.345031 0.473163908748 0.55512637109 3.32566957173 0.491128519014 1.4956760359661667 0.5766022812533194 0
2458394.49693 2.330915165847699 1.3042878891408372 10.5965 0.407208 6.4404497762 0.723902496517 2.69828241403 0.49210352579 0.6749970305189913 1.0056409488642137 0
2458414.46346 0.8591241620248423 2.4327927776547513 -4.50074 0.473696 -8.95100831256 1.93967720669 -5.00591496507 0.502199549965 1.842473921401848 1.3898723439379894 0
2458487.34757 0.39798949295716407 1.0993915424925491 2.08716 0.284145 -4.0205618531 0.78809248102 -22.8473192611 0.539053208349 0.6093013915495264 0.7119224845722089 0
2458660.63626 -1.482144428673834 1.003572182682088 8.90145 0.447018 3.06626099788 0.744545064462 21.4922072968 0.62667618158 2.6743451909305245 0.5029758249801096 0
2458664.6461 -0.7166063693882724 1.1105501060235088 8.23486 0.45803 1.2883541422 0.72956886691 21.7687119134 0.628703746321 0.7954627112249621 0.700898941021618 0
2458679.65433 -4.049051905534925 1.1546368970071437 -8.63486 0.249536 -16.4299327279 0.785999817737 21.9211173482 0.636292620895 3.271752502661614 0.8081599069184254 0
2458681.62239 -1.3413052233312732 1.00375082718073 -4.43059 0.368417 -11.7486551227 0.717590233675 21.89255601 0.637287765757 1.0400182808179632 0.5973683065842439 0
2458685.6322 -2.9483153304377314 1.907303580986019 -0.239072 0.322251 -7.77246672781 0.767998529426 21.6446532853 0.639315312874 2.4296712357144212 1.7158494985986361 0
2458688.56221 -1.67828097365717 1.0474448928134314 4.35084 0.359211 -3.79662285123 0.735712410035 21.5218832627 0.64079686461 0.5440872037738596 0.6533264962337222 0
2458691.62711 -2.4609573891949488 1.1840648715148592 -7.87432 0.385892 -14.8070378293 0.996221613056 21.1271407246 0.642346623684 2.5399588822016383 0.5105286299195855 0
2458697.57468 -0.9258730483421517 1.1064186651272039 4.79964 0.389528 -2.32876015708 0.624313595569 20.4690715758 0.645353996653 0.8061848405688421 0.8262340674074756 0
2458699.5481 -0.1784477973398541 1.0148553854279099 6.40568 0.434318 -0.467145217427 0.641291777996 20.2136314452 0.64635185211 0.31333667375654384 0.655777541306752 0
2458701.54193 -1.2482286357966743 1.0889454991771343 5.04291 0.314262 -0.850483611671 0.792093984843 19.900852989 0.647360026267 2.3615409438133645 0.6779593016617274 0
2458704.55863 -1.365172794704646 1.0792665724415687 3.01633 0.348678 -3.95790822428 0.629896974869 19.3465373144 0.648885417016 1.3961150993613358 0.8040334494019619 0
2458706.5563 -1.8050685251230902 1.3104144237418243 2.29614 0.343584 -4.92793965117 0.870124445926 18.9731949445 0.649895531675 1.5851592882297807 0.9176161754766486 0
2458708.51148 4.597209321584646 1.4337523198255173 nan nan -0.446753735126 1.06418833402 18.6515399055 0.650884162366 1.9592187268820431 0.9608063823376639 3
2458710.51038 -0.16889948915432512 1.0937712680129992 9.48947 0.407939 2.87441018318 0.791555554044 18.2370301534 0.651894901038 0.5560107172510153 0.635107206597134 0
2458712.5554 -1.7114031445293711 1.092121020528903 -3.78465 0.437506 -9.61147944284 0.689092076456 17.7216074577 0.652928959308 2.8857106883360615 0.7255817897457995 0
2458714.49122 -0.6917700898155162 1.3066642140943605 3.66937 0.401697 0.516564358467 0.885586026803 17.3762133061 0.653907802212 4.539122592032206 0.8727819187610248 0
2458727.53378 1.0469722146244294 1.0244593106272069 3.74353 0.513613 -1.97950468627 0.753154184686 13.8461718916 0.660502737964 0.2235563071022607 0.4674155960718877 0
2458744.62553 1.6229389004476185 1.056333579582014 3.742 0.347103 0.00226176303024 0.715172285645 8.11413238127 0.669145138129 1.6222436704090715 0.695621118560958 0
2458757.50922 1.6851824155686514 1.249685148988266 3.96321 0.564962 -0.568835845694 0.869748050663 3.52327728379 0.675659741179 0.7611779435180384 0.6971866597471333 0
2458759.44787 1.7005762910704796 1.0134279722572537 4.10797 0.32112 -1.23286716769 0.709293272156 2.87966053072 0.676640014371 -0.06398752717378971 0.6487073721085662 0
2458763.46384 1.5151499776904862 0.9962876565909085 2.20129 0.278018 -1.37446831339 0.62750676964 1.30068857879 0.67867068023 1.8844869746462036 0.7221705757009415 0
2458765.61611 1.017874543435595 1.1533068655469623 5.88643 0.37941 -0.590413492308 0.778930104103 0.257989535695 0.679758970695 -0.5204110604789043 0.7612047496830794 0
2458772.40269 2.069758207812008 1.1690303368609263 1.37857 0.301972 -2.29103658611 0.73440938565 -2.06744419948 0.683190586948 1.2315105650846823 0.857955531473543 0
2458774.37068 -0.1370305379821664 0.9316124240635223 0.41881 0.344018 -4.0834647767 0.74079388593 -2.77922028679 0.684185696393 2.604636010848856 0.44808229480132256 0
2458784.47066 0.44533639867780556 1.1350582790237096 -6.42001 0.420753 -12.9848051687 0.751637264593 -6.8297596184 0.689292726566 -0.04535834803111502 0.7391654971973619 0
