2457862.65573 283.267225529 329.575397489 521.664599232 434.830820268 nan nan nan nan nan nan nan nan nan nan nan nan nan nan nan nan nan nan nan nan nan nan nan nan nan nan nan nan nan nan nan nan nan nan nan 2253.7425598555824 -15.62710611532414 546.1390329708653 -1.9539925233402755e-11 -4410.156683032499 2845.7876535568057 1145.8498820589202 -247.81659162868232 -1085.3479304119078 -24.986123175722813 1825.9722349048893 2689.0885230977174 497.19016549215445 -170.07140739370783 -638.044750927635 625.9155619003449 1142.009148102563 nan nan nan nan nan nan nan nan nan
2457866.62676 95.955380854 182.251684865 -79.3297928185 235.877394429 nan nan nan nan nan nan nan nan nan nan nan nan nan nan nan nan nan nan nan nan nan nan nan nan nan nan nan nan nan nan nan nan nan nan nan -1976.123674208759 -47.03415045377088 1153.6087697415164 -1.9539925233402755e-11 -1682.7288238033514 -111.60387652592854 -458.92876497877484 364.2031391596498 -312.68819627278964 -581.8220312306079 1114.9202265466427 -378.3402962724351 -47.055709110973034 -166.1820755242192 -7.917486544168101 3.477911499052888 1785.7855446746773 nan nan nan nan nan nan nan nan nan
2457875.6613 295.524749882 265.256005506 19.3976955235 272.749937577 nan nan nan nan nan nan nan nan nan nan nan nan nan nan nan nan nan nan nan nan nan nan nan nan nan nan nan nan nan nan nan nan nan nan nan -977.0552507673375 -750.3712756533965 600.1821906701205 -1.9539925233402755e-11 -378.6952241750929 -628.9393129556539 -370.2110377539801 -1046.9794308192045 154.66127776096224 1307.2501363460788 1670.5309743262153 -47.920700405421115 900.0528244149049 86.71609145248648 -722.3023081551528 752.8327671748176 2919.6781553548312 nan nan nan nan nan nan nan nan nan
2457882.64194 59.3872693988 151.563916847 102.510689055 268.889267916 nan nan nan nan nan nan nan nan nan nan nan nan nan nan nan nan nan nan nan nan nan nan nan nan nan nan nan nan nan nan nan nan nan nan nan -280.81228611498955 -927.4280573664948 473.29651842404127 3649.0158159090647 -604.5647526607551 145.32832483758347 1763.5414699740363 1099.8787070396459 -1041.1832249974395 200.02100261348784 350.52865114910406 -186.7875621100299 70.73928123867671 260.2456506524706 102.51068905473359 -527.8740714717738 -86.67630694863593 nan nan nan nan nan nan nan nan nan
2457887.64523 163.946946232 261.827232664 -83.2146925705 363.375809275 nan nan nan nan nan nan nan nan nan nan nan nan nan nan nan nan nan nan nan nan nan nan nan nan nan nan nan nan nan nan nan nan nan nan nan 257.68990380139934 -199.1988617546981 -295.6740202645432 1814.6227052571621 -3459.558593216959 -3045.59093937363 1867.7668731235808 1461.4064106224976 784.7272170922544 -758.9029401811055 1534.5592297982987 -336.83280193017066 -864.7288332432427 8.406762588571466 894.6025879498012 -641.7147601385407 -83.21469257049894 nan nan nan nan nan nan nan nan nan
2457889.6132 404.922310529 289.167572258 723.296611522 333.226896751 nan nan nan nan nan nan nan nan nan nan nan nan nan nan nan nan nan nan nan nan nan nan nan nan nan nan nan nan nan nan nan nan nan nan nan -549.7996240887666 950.4558350838745 -1348.078626698199 -1.9539925233402755e-11 -897.349308715213 25.284983128711666 3071.421432688918 1837.213635242275 -1296.810438962959 1137.5766455440787 1268.7931534966683 496.13738796037194 -1785.1102566219076 1123.2895123871874 -78.56173413219553 1428.377457435993 1170.0214526739876 nan nan nan nan nan nan nan nan nan
2457893.63034 285.475929104 158.54250473 431.249533905 283.710516174 nan nan nan nan nan nan nan nan nan nan nan nan nan nan nan nan nan nan nan nan nan nan nan nan nan nan nan nan nan nan nan nan nan nan nan 491.60482647039174 259.60637646787166 769.9531517593865 4285.322949076069 -895.5182065960737 1325.654850292424 -58.6600349615016 35.64773103598264 -148.33139958020442 1439.6895015539762 -309.6778313077802 431.2495339053161 -640.4463455190136 -317.2842814841541 540.7161064215475 737.3684179649042 1049.2520881408025 nan nan nan nan nan nan nan nan nan
2457907.61396 -229.876237266 236.420602268 -299.416304407 334.519910008 nan nan nan nan nan nan nan nan nan nan nan nan nan nan nan nan nan nan nan nan nan nan nan nan nan nan nan nan nan nan nan nan nan nan nan -1006.9193605051428 -680.0532200673498 -2115.8320894575936 2327.810413874333 -927.0825890950525 -934.1636678166919 2777.1786361714153 2146.2630411144455 77.78070592270663 1921.513790032049 466.5750033384256 -385.5947915544129 -299.4163044070511 -869.495834043584 -429.0737928854264 -177.59680470707661 -227.33628255809649 nan nan nan nan nan nan nan nan nan
2457909.58308 547.328498675 241.318828782 643.235030313 322.24223694 nan nan nan nan nan nan nan nan nan nan nan nan nan nan nan nan nan nan nan nan nan nan nan nan nan nan nan nan nan nan nan nan nan nan nan 882.35916108623 487.38438078530186 391.5843523353074 -1.9539925233402755e-11 -3089.8721408118795 -519.9972162604506 2772.3730877306643 141.79176493866046 -28.20504072198377 1067.7348639498457 1498.0698506648966 808.9713671553739 -189.27554155393844 854.2342456497095 799.0856798405714 -878.6145971545524 1670.9738822107245 nan nan nan nan nan nan nan nan nan
2457911.55742 190.124160278 150.294008866 230.856721799 197.090784414 nan nan nan nan nan nan nan nan nan nan nan nan nan nan nan nan nan nan nan nan nan nan nan nan nan nan nan nan nan nan nan nan nan nan nan -340.88919069721294 -229.80297653916531 554.4301320059733 -1.9539925233402755e-11 -2084.537518762244 -88.2474340207936 -638.0360261931438 268.8636878964598 579.347347286198 1072.6983928012771 521.8130087866009 -375.33243637878104 469.84479032423275 -371.2424496965726 192.84975570163172 476.0530084263941 1262.05428467481 nan nan nan nan nan nan nan nan nan
2457916.60366 -36.9817676988 94.7913909823 19.5401646978 129.021179628 nan nan nan nan nan nan nan nan nan nan nan nan nan nan nan nan nan nan nan nan nan nan nan nan nan nan nan nan nan nan nan nan nan nan nan -663.6786419417919 131.89786316363634 -601.3674637136872 -877.967008197049 341.17135048086817 920.1882879511251 850.33457733609 -116.85919431345849 310.9879504087122 -763.3509735316526 19.540164697842773 -373.9059472509523 479.39714574924824 -356.8599151123672 74.28995867643764 -181.80729185876643 208.40311994883405 nan nan nan nan nan nan nan nan nan
2457918.62774 -41.1937297674 117.582472831 -105.252122245 163.194904251 nan nan nan nan nan nan nan nan nan nan nan nan nan nan nan nan nan nan nan nan nan nan nan nan nan nan nan nan nan nan nan nan nan nan nan -225.16092215431144 -553.8572241586694 414.99089234749783 -1.9539925233402755e-11 -1029.3505258914026 1120.4494554291464 1698.6150919608885 165.6695130377244 6.660244624003058 387.0887636485073 -161.12765246718374 -153.4636916981042 -329.02929863152366 -189.25277509065867 -57.040552791893795 -536.285848897232 186.68882897971835 nan nan nan nan nan nan nan nan nan
2457921.57697 171.390344212 154.317313281 98.1702208859 293.08412281 nan nan nan nan nan nan nan nan nan nan nan nan nan nan nan nan nan nan nan nan nan nan nan nan nan nan nan nan nan nan nan nan nan nan nan -1302.1582137517669 -394.0213316781259 -599.5912694143777 -3862.256260067225 -1478.9426528784984 533.3300008690226 1470.1803800881612 98.17022088589518 501.99429232189897 -457.93466711583136 700.8479743803475 900.302628076677 -40.21631931008497 346.05606987966587 360.4047160061783 -179.41572077912616 324.0430521816852 nan nan nan nan nan nan nan nan nan
2457928.57587 184.455672065 151.635040491 207.904087145 221.016677701 nan nan nan nan nan nan nan nan nan nan nan nan nan nan nan nan nan nan nan nan nan nan nan nan nan nan nan nan nan nan nan nan nan nan nan 1854.0380197280608 219.64246006199173 -25.3353005521998 -1.9539925233402755e-11 -2171.6036016352405 182.85957775375695 790.8720702312019 196.16571422711664 -45.900329292503244 1665.6972719409268 637.0106526873501 749.5608705055403 410.3905322465512 185.24281305342421 -317.0469084000756 -8.3249875887568 442.9651964041374 nan nan nan nan nan nan nan nan nan
2457930.59957 248.738900723 319.716206139 -163.588253549 402.362190779 nan nan nan nan nan nan nan nan nan nan nan nan nan nan nan nan nan nan nan nan nan nan nan nan nan nan nan nan nan nan nan nan nan nan nan -2546.37842582167 -599.6884231960671 659.4795685391449 -1.9539925233402755e-11 2316.112288634466 -487.09440773413274 1386.345732980405 -3675.4088204828317 -14.019500647279756 1521.5534619979276 -554.5478478704373 -768.6180173949393 -305.79037607651975 -21.386131021538525 1170.8376152705964 -392.40629765719683 2389.9871292824455 nan nan nan nan nan nan nan nan nan
2458029.31256 -291.11075557 171.851929703 -226.849552942 233.012674662 nan nan nan nan nan nan nan nan nan nan nan nan nan nan nan nan nan nan nan nan nan nan nan nan nan nan nan nan nan nan nan nan nan nan nan 477.99035460277497 410.4771402931048 -246.1505700452972 -1.9539925233402755e-11 2163.493400938324 -667.7423133456634 -845.679378843557 1216.2159029804352 -1415.877416176089 -599.0204947051797 -63.640461030126744 -446.82670629953947 235.10090581293522 -207.54853583929213 -168.92247230883828 -1036.1797794278946 -1377.6536741089355 nan nan nan nan nan nan nan nan nan
2458034.31171 -63.9106077756 137.773934018 -165.526815859 170.956293077 nan nan nan nan nan nan nan nan nan nan nan nan nan nan nan nan nan nan nan nan nan nan nan nan nan nan nan nan nan nan nan nan nan nan nan 1526.1484358108985 518.5722609364332 -373.1721192886606 -1.9539925233402755e-11 -540.5477016833685 157.1388296561816 -661.4495013664027 -379.5180069702067 1038.0439996256143 -898.8504318830688 -53.747888497479266 327.8371921539374 131.74485227050778 -277.30574321997807 229.41776057837833 -581.5173480851892 -968.6155745856854 nan nan nan nan nan nan nan nan nan
2458048.37069 -326.252006356 90.2344803172 -257.649078927 109.442516008 nan nan nan nan nan nan nan nan nan nan nan nan nan nan nan nan nan nan nan nan nan nan nan nan nan nan nan nan nan nan nan nan nan nan nan 90.36353516490726 -29.565706384224345 -447.2759972965027 -1.9539925233402755e-11 -300.88132668135523 -1235.5483068044762 -859.5827004250991 -191.62818690838006 -527.2751448242066 -316.0363955345566 -153.44028316026552 86.61978775262887 35.61897307779807 -265.2783349432686 -250.01982291060742 -205.95554378202485 -1377.7599186404072 nan nan nan nan nan nan nan nan nan
2458054.33473 -284.141283817 160.952235966 -285.58526269 203.23468726 nan nan nan nan nan nan nan nan nan nan nan nan nan nan nan nan nan nan nan nan nan nan nan nan nan nan nan nan nan nan nan nan nan nan nan -1297.7439866920652 -1430.2546572940116 1007.4854190728613 -1.9539925233402755e-11 61.202785143091575 -1643.4648812450428 -1773.3349044770932 141.8547393898632 475.4294875205591 -828.4600531208366 -299.51697628033907 367.8403445092671 200.26374308868083 -489.8429990390592 -60.03827570128169 -677.2839329240293 -271.6535490993512 nan nan nan nan nan nan nan nan nan
2458059.27961 61.3156375106 124.82086336 -46.8336934512 146.569496441 nan nan nan nan nan nan nan nan nan nan nan nan nan nan nan nan nan nan nan nan nan nan nan nan nan nan nan nan nan nan nan nan nan nan nan -624.441228436355 13.134231914679159 627.5125263186713 -1.9539925233402755e-11 414.8160034417208 -470.05617169817583 -968.6583949089365 779.3176263738147 1126.1961988058042 -549.813042949385 -106.8016188170487 -380.2244436782108 554.6925843811 -150.2919950296706 279.97766322207923 -467.90623598370473 296.3896457298438 nan nan nan nan nan nan nan nan nan
2458079.28706 -158.078558752 146.671363902 -55.775410032 326.964082456 nan nan nan nan nan nan nan nan nan nan nan nan nan nan nan nan nan nan nan nan nan nan nan nan nan nan nan nan nan nan nan nan nan nan nan 1462.700941406526 856.0981457730214 433.5784802034277 -4989.186927968447 -680.7838395079655 117.80097303633563 -95.92988170665078 18.79838266075659 -118.67477670126034 -748.0254571003672 -186.7639636878383 18.02033593797842 193.23524983065832 -827.2642180621808 -55.775410031965336 157.54777976185346 -1017.6704927059205 nan nan nan nan nan nan nan nan nan
2458084.26697 24.1892230412 161.256944114 116.355797958 191.297147815 nan nan nan nan nan nan nan nan nan nan nan nan nan nan nan nan nan nan nan nan nan nan nan nan nan nan nan nan nan nan nan nan nan nan nan 245.88734793033822 -591.22974543082 626.7337905860812 -1.9539925233402755e-11 -906.740092204785 423.55431358178646 -338.8021315145024 1249.5236428439396 389.478142600403 -1747.194810217093 476.55614291654643 9.926344345396378 222.78525157124957 8.881452301583804 375.698651015553 -335.31257396898644 -1286.0070954273933 nan nan nan nan nan nan nan nan nan
2458094.25766 -299.302167419 126.637136644 -385.168645908 153.416113452 nan nan nan nan nan nan nan nan nan nan nan nan nan nan nan nan nan nan nan nan nan nan nan nan nan nan nan nan nan nan nan nan nan nan nan -718.8112838313905 -140.18054740676155 419.3341301047742 -1.9539925233402755e-11 623.6630209685981 -1700.0968801708198 -56.66949256433802 -716.4081635243424 326.229355047625 -467.1667367909108 140.74581251285193 -780.3036477645306 -1003.2699249091302 -508.87550561299554 -303.17055502434334 224.41113451290292 -803.6109212141322 nan nan nan nan nan nan nan nan nan
2458244.65318 132.659197854 163.600632093 368.209781415 306.37423322 nan nan nan nan nan nan nan nan nan nan nan nan nan nan nan nan nan nan nan nan nan nan nan nan nan nan nan nan nan nan nan nan nan nan nan 488.43866164008523 368.2097814152292 -1193.6823197531976 4784.098741440826 -34.581442951819795 766.5299601780504 -71.43169930187952 1088.8178387144394 772.7910584845821 53.62670403297507 394.1537682227075 477.42057459242983 -184.26593484219208 -352.16256370277875 -148.552695277821 103.11345006797485 1601.7642720298552 nan nan nan nan nan nan nan nan nan
2458263.63617 631.856149037 332.714062006 915.761296216 416.397874723 nan nan nan nan nan nan nan nan nan nan nan nan nan nan nan nan nan nan nan nan nan nan nan nan nan nan nan nan nan nan nan nan nan nan nan 336.454000171597 3505.450353472156 1030.6336792713248 -1.9539925233402755e-11 -2805.3469478659663 3514.2402344721113 716.6280189796354 2719.6020389322775 1504.2243560746383 566.2383784277829 -615.9354537538768 1138.213334603008 2560.108838519139 800.888913160876 -58.715959160153254 -863.1583327710958 1957.3140650287398 nan nan nan nan nan nan nan nan nan
2458270.6366 20.4395389811 164.763234114 63.4337860345 232.257307835 nan nan nan nan nan nan nan nan nan nan nan nan nan nan nan nan nan nan nan nan nan nan nan nan nan nan nan nan nan nan nan nan nan nan nan 174.28031653315952 275.153361870422 -602.8144652729646 -1462.93636150274 -2789.909846047804 199.59944211793768 462.0501579720505 287.0142844598423 1578.558424075495 647.0317218933393 9.032950672187724 -532.287207203231 -342.66540797869993 -35.022782533488126 63.43378603448611 -367.11516462504306 805.4897970737732 nan nan nan nan nan nan nan nan nan
2458283.60366 44.6986698427 217.917425369 98.1925014751 320.107394966 nan nan nan nan nan nan nan nan nan nan nan nan nan nan nan nan nan nan nan nan nan nan nan nan nan nan nan nan nan nan nan nan nan nan nan -2114.6066344997857 -940.6961861112987 1442.5646142237943 -1.9539925233402755e-11 -3070.472392076142 94.99496776282734 1774.941337827261 758.4501695886337 269.5757429584198 101.39003518727546 -173.60915659824866 1224.2004107069897 1149.576076918224 -408.31475567519 -353.0095154893995 -36.174612593178594 888.6401312747254 nan nan nan nan nan nan nan nan nan
2458289.5831 253.158444577 137.654019299 195.42101219 171.607231258 nan nan nan nan nan nan nan nan nan nan nan nan nan nan nan nan nan nan nan nan nan nan nan nan nan nan nan nan nan nan nan nan nan nan nan -703.4922987718517 187.1382223093476 122.32516466936674 -1.9539925233402755e-11 -1355.3469048451452 708.9223700648616 -25.674748924956983 203.70380207109363 783.2445225285387 1592.648282664506 820.3667740189359 -55.38340932858501 541.4051808435784 -386.96790265912 472.53610197333956 -147.22496872411392 562.6118887168855 nan nan nan nan nan nan nan nan nan
2458294.57963 224.226065497 165.28702724 228.622850057 186.400536793 nan nan nan nan nan nan nan nan nan nan nan nan nan nan nan nan nan nan nan nan nan nan nan nan nan nan nan nan nan nan nan nan nan nan nan -1592.425153170557 -1069.5200271388808 -519.9141275186676 -1.9539925233402755e-11 -531.1021011384123 166.69807507797174 -224.2990250558279 771.7535009575411 339.2288998228679 419.13056314346727 1209.952252837842 535.0758913155354 174.0096711722405 -594.8032879279398 353.77306071272375 909.6258696603684 283.23602894166874 nan nan nan nan nan nan nan nan nan
2458300.58262 524.05376593 119.494756198 455.532714103 162.458960901 nan nan nan nan nan nan nan nan nan nan nan nan nan nan nan nan nan nan nan nan nan nan nan nan nan nan nan nan nan nan nan nan nan nan nan -839.3825780453653 -477.44468273227295 1214.4827853019085 -1.9539925233402755e-11 -510.10237598396947 144.8431366374556 723.2082585446242 94.60538235895892 178.61501183448223 679.3919275927499 161.61588739165217 1659.5043286897694 945.1843350725774 344.3568974388697 683.1724876083254 710.1367723108175 566.7085307671127 nan nan nan nan nan nan nan nan nan
2458305.59147 372.662031961 68.2394460809 408.501025834 86.678972561 nan nan nan nan nan nan nan nan nan nan nan nan nan nan nan nan nan nan nan nan nan nan nan nan nan nan nan nan nan nan nan nan nan nan nan 517.5756607136872 -30.634079828758985 358.50665735540383 -1.9539925233402755e-11 -356.0695969316881 555.6110206558859 732.4198249340204 299.03976328175474 143.64680346000264 1180.5720393350946 437.2326912644528 245.861575570704 613.8690980043762 53.295735409691765 389.51425670450516 553.3804204517654 427.4877949632432 nan nan nan nan nan nan nan nan nan
2458313.53304 130.293088628 93.8918331457 176.509176886 116.837963917 nan nan nan nan nan nan nan nan nan nan nan nan nan nan nan nan nan nan nan nan nan nan nan nan nan nan nan nan nan nan nan nan nan nan nan -240.10822886491076 331.88349492640697 709.9953469227225 -1.9539925233402755e-11 -944.2513694243955 720.5507981448458 781.63755037019 386.6117580317776 609.4443306276634 -155.0982935856873 -71.55651522668774 -234.1555924307274 306.1203404332588 -323.8285981600365 302.71801474095423 15.700730651377997 50.300339031211934 nan nan nan nan nan nan nan nan nan
2458314.47095 239.789580515 194.248813779 541.004855891 221.557110323 nan nan nan nan nan nan nan nan nan nan nan nan nan nan nan nan nan nan nan nan nan nan nan nan nan nan nan nan nan nan nan nan nan nan nan 560.6342003682958 99.2761495229611 -432.35103327651507 -1.9539925233402755e-11 2140.673805961486 912.4063376006046 1016.816025993297 1274.337540414401 -1745.20691506739 1208.6617491190425 130.0030199861188 1002.3303345251788 289.39485574895724 219.72330003642185 -269.71363674879433 521.3755114145101 1108.9034247210577 nan nan nan nan nan nan nan nan nan
2458315.51234 529.028277182 170.928775288 536.441973902 242.847405134 nan nan nan nan nan nan nan nan nan nan nan nan nan nan nan nan nan nan nan nan nan nan nan nan nan nan nan nan nan nan nan nan nan nan nan 1104.8677128440536 -640.8996662549987 1627.560277140011 -1.9539925233402755e-11 -682.7875963696969 465.22255978774865 3449.8253223980746 862.8631283535749 -327.0607307196185 562.2881386737412 759.6432697400995 678.2989467920572 510.59580912979084 340.6751885324075 167.43905643472934 1138.4469815979814 388.28346962290686 nan nan nan nan nan nan nan nan nan
2458316.51283 100.597591183 157.239338892 6.84432265248 203.298449379 nan nan nan nan nan nan nan nan nan nan nan nan nan nan nan nan nan nan nan nan nan nan nan nan nan nan nan nan nan nan nan nan nan nan nan 895.2380681200385 -198.81430269395585 -1329.8971898638913 -1.9539925233402755e-11 236.842465969564 -208.50947596658818 1970.097090629349 802.7310344322666 -394.4365214232089 -217.26821806668983 842.6557158983204 1365.498363166404 -134.51579870209324 234.17765529070616 -48.9411937369475 62.62983904190346 -682.4580841532312 nan nan nan nan nan nan nan nan nan
2458317.5415 -41.8407388067 294.668248918 -642.46704606 329.339253645 nan nan nan nan nan nan nan nan nan nan nan nan nan nan nan nan nan nan nan nan nan nan nan nan nan nan nan nan nan nan nan nan nan nan nan -2099.1376344168057 638.1146641771479 387.6162527264982 -1.9539925233402755e-11 -3677.0217860628413 -434.31199427698294 -1127.8283543305783 -1445.4190832010997 -2023.5484740968527 -1063.8336014978981 311.4106122070252 699.3007703621321 -1005.947015436101 462.9096698069801 1577.6979802786059 -626.1608426009071 -658.7732495192456 nan nan nan nan nan nan nan nan nan
2458318.57303 138.475630851 235.548238654 -120.776409216 272.820564502 nan nan nan nan nan nan nan nan nan nan nan nan nan nan nan nan nan nan nan nan nan nan nan nan nan nan nan nan nan nan nan nan nan nan nan -1515.5067904585242 353.34812076957854 -178.9525379040444 -1.9539925233402755e-11 -674.8738025871496 571.1076688757972 1811.6124988792553 1944.731966152038 -1716.5003379806733 -605.9994844545907 1510.3332288952486 -199.12083454328086 988.652669014532 -62.60028052708644 567.4935648407934 -258.8521682854807 -857.5238212603821 nan nan nan nan nan nan nan nan nan
2458321.44252 89.5306128474 266.589460892 377.534514355 331.028916543 nan nan nan nan nan nan nan nan nan nan nan nan nan nan nan nan nan nan nan nan nan nan nan nan nan nan nan nan nan nan nan nan nan nan nan -1784.2575851498798 377.53451435539375 1923.4626421306184 -2963.603430173892 563.802463113684 1548.9254543560041 846.4238314838607 -687.2662708888829 -1282.0718552543053 1228.6518092642043 1780.2951413405603 1011.1261029215259 -720.6079600235695 155.54734671436952 -514.4319984090322 -1054.5453422945216 970.0878585336698 nan nan nan nan nan nan nan nan nan
2458322.43598 -73.2218636652 172.40296438 -108.101070361 180.934857627 nan nan nan nan nan nan nan nan nan nan nan nan nan nan nan nan nan nan nan nan nan nan nan nan nan nan nan nan nan nan nan nan nan nan nan -112.82673846567589 1044.700781076537 -414.08283641513157 -1.9539925233402755e-11 -1286.1182777149045 -572.6522188731802 666.305031106188 -103.37540225666726 -1038.360034255116 29.610180675009644 80.53868055212018 -547.5696202164416 1136.2078183040724 607.908447578246 -732.0104611535917 649.1011376976961 -459.0843124148202 nan nan nan nan nan nan nan nan nan
2458323.49624 150.851499601 108.634249738 209.630889728 296.950242622 nan nan nan nan nan nan nan nan nan nan nan nan nan nan nan nan nan nan nan nan nan nan nan nan nan nan nan nan nan nan nan nan nan nan nan -111.61690050418096 -253.30108668316907 384.2452835271709 4882.905569675731 -880.8605621884558 315.1164142988919 420.89898408817663 -492.7550191308915 442.4339318318615 209.63088972792008 265.26891465726476 287.4452263590473 -116.337365482635 -57.7133853806002 315.33316084614216 105.39015728633167 -34.72439002069785 nan nan nan nan nan nan nan nan nan
2458324.48581 -21.5898135326 176.824367825 -87.155563996 212.399252707 nan nan nan nan nan nan nan nan nan nan nan nan nan nan nan nan nan nan nan nan nan nan nan nan nan nan nan nan nan nan nan nan nan nan nan 1125.9885463532344 -151.15593536841226 -352.8654845919027 -1.9539925233402755e-11 -823.9238818177035 2123.2400228736074 -312.13179079746516 -491.7200649881466 -823.2992476218905 270.25012390533135 -23.155192623641554 274.4110668587306 -279.2540509835958 575.1566626188518 113.53960397532501 128.72987037437014 -1620.275572034664 nan nan nan nan nan nan nan nan nan
2458329.46946 -11.4507967333 137.318258497 -52.5286366786 331.387709362 nan nan nan nan nan nan nan nan nan nan nan nan nan nan nan nan nan nan nan nan nan nan nan nan nan nan nan nan nan nan nan nan nan nan nan 277.5296938161041 -169.34539269605185 -271.4147638761225 5210.341129559027 869.4043659355991 434.74211304380106 -496.27316428613125 29.52265211897002 -181.1681693268638 -1171.542756339349 112.38236378804073 -764.736889307205 -311.24660356717794 175.76408090808968 243.63070650575085 -120.71021706050666 -52.52863667862644 nan nan nan nan nan nan nan nan nan
2458331.49059 28.940548987 126.819489137 73.8563527574 163.796031234 nan nan nan nan nan nan nan nan nan nan nan nan nan nan nan nan nan nan nan nan nan nan nan nan nan nan nan nan nan nan nan nan nan nan nan 160.27176585187578 -683.2156349319092 -810.0154943687168 -1.9539925233402755e-11 -1071.4240819121064 -295.86882643268547 1195.9985138114037 -188.21343250990796 973.7607778763821 218.75556411591873 223.38918706553503 -1083.0936558084754 483.9721979005228 -12.559060337138758 165.90347746896288 -201.32489671897184 302.76508438182987 nan nan nan nan nan nan nan nan nan
2458332.4713 144.381741649 102.136135872 191.221367678 130.992773038 nan nan nan nan nan nan nan nan nan nan nan nan nan nan nan nan nan nan nan nan nan nan nan nan nan nan nan nan nan nan nan nan nan nan nan 893.7896744956196 152.18118610763497 105.84159019394755 -1.9539925233402755e-11 1635.4149067233298 454.51280354956583 -158.62672661271276 -89.8257172379902 230.26154924778825 523.864037510198 79.20174879266972 842.9412498966668 304.1720280841767 -224.79236199027676 45.78090340375552 351.6980993599507 -593.9412735094475 nan nan nan nan nan nan nan nan nan
2458334.45825 -116.73981774 173.901040101 -186.888101424 312.336075671 nan nan nan nan nan nan nan nan nan nan nan nan nan nan nan nan nan nan nan nan nan nan nan nan nan nan nan nan nan nan nan nan nan nan nan -1622.7556840764387 -252.53026303225008 541.3472128492989 4310.99824492286 967.1598219770408 -498.75844662252314 1315.1478572897488 -186.8881014240449 -894.7615618573772 339.77188602810884 545.4799764608938 -420.7892419415043 -551.5991596017271 406.0823785127168 -740.9059272057309 28.04389036585374 -336.20279809984856 nan nan nan nan nan nan nan nan nan
2458335.46756 51.4225263582 133.432840111 121.591905063 269.682771466 nan nan nan nan nan nan nan nan nan nan nan nan nan nan nan nan nan nan nan nan nan nan nan nan nan nan nan nan nan nan nan nan nan nan nan 66.14963948745381 -330.8961795384581 255.0508607073771 4212.099817129683 669.1432953195671 121.59190506288398 170.49752822172036 -408.9780574436283 -948.6564948226039 -206.30881625651446 -47.6804701638034 834.4935893859349 123.97814799733986 -38.85462047110213 175.3511954495098 382.9085384053019 -689.506229253831 nan nan nan nan nan nan nan nan nan
2458336.40158 25.7019562162 177.419070001 135.899135664 340.963167099 nan nan nan nan nan nan nan nan nan nan nan nan nan nan nan nan nan nan nan nan nan nan nan nan nan nan nan nan nan nan nan nan nan nan nan -967.7959691359384 -96.96599360353957 886.0777268562726 4988.180192275921 395.3206642826116 408.51956085328686 1047.2294622958364 30.25450460591637 -1873.8387675528309 -905.4651917899428 378.9107372630787 -409.74205610111716 135.89913566363032 -40.78332645172602 50.87138646448383 212.17860751869276 284.8077997745434 nan nan nan nan nan nan nan nan nan
2458336.49091 65.0030947173 128.350356404 150.964923129 201.384270408 nan nan nan nan nan nan nan nan nan nan nan nan nan nan nan nan nan nan nan nan nan nan nan nan nan nan nan nan nan nan nan nan nan nan nan 469.7953263566951 466.32781731273053 306.0398463074535 2675.366666529959 -445.9900657152992 39.64345708005463 996.7217899103654 -705.5826699203614 -973.799692640801 -208.13206539620035 -629.2702287031626 95.60536781443105 526.7769680704481 150.96492312919534 210.40265951200803 593.4109032332262 -388.80389660374806 nan nan nan nan nan nan nan nan nan
2458336.58234 -432.757284185 139.308566411 -580.652249851 255.406082483 nan nan nan nan nan nan nan nan nan nan nan nan nan nan nan nan nan nan nan nan nan nan nan nan nan nan nan nan nan nan nan nan nan nan nan -384.9742234833214 -594.275692740845 -840.3070352789063 3145.078603357933 -584.217011976146 656.4028568634742 623.843877965314 -580.6522498513002 -1613.2939280619696 369.6365147944244 -251.13520491944186 -1139.1992417145434 -792.3071132050586 -422.4314393055553 -142.34374659404938 -608.4720353265848 -905.8331221853671 nan nan nan nan nan nan nan nan nan
2458337.35604 -88.4263535417 127.537071934 -184.387577833 178.094744429 nan nan nan nan nan nan nan nan nan nan nan nan nan nan nan nan nan nan nan nan nan nan nan nan nan nan nan nan nan nan nan nan nan nan nan -527.0281612639683 77.72521285424526 627.6903352560986 -1.9539925233402755e-11 1934.2520895777968 490.0851004116506 951.6622605068709 198.24241563751775 -722.0702809297695 -554.7229783523416 -146.989009345527 -411.9623747020317 -730.3096282675143 -221.78614632046404 137.30402150095907 -227.27009725835947 -582.9607114741973 nan nan nan nan nan nan nan nan nan
2458337.41117 -199.721941115 168.575275645 -115.309538795 327.161709966 nan nan nan nan nan nan nan nan nan nan nan nan nan nan nan nan nan nan nan nan nan nan nan nan nan nan nan nan nan nan nan nan nan nan nan 1039.2851289503974 608.3644347243732 429.75906079691003 4509.030787332995 231.61102389149175 938.9812899165611 -1582.8008824999185 -1433.687872143754 -902.1539041706492 -673.2783483642048 -243.1117594969634 -216.82697515433307 71.91105819881663 -115.30953879491312 -432.68801685952815 -430.7614843940263 419.41868648745873 nan nan nan nan nan nan nan nan nan
2458337.51906 19.2642442042 148.364943497 -83.6455943853 235.852331228 nan nan nan nan nan nan nan nan nan nan nan nan nan nan nan nan nan nan nan nan nan nan nan nan nan nan nan nan nan nan nan nan nan nan nan -1100.330998252705 199.2672401073652 -237.80504559570517 2435.2385313237855 1734.229001665269 -768.9182370917059 1597.4390316900729 867.3111477435283 -563.7596898720665 633.1667273630557 -576.1968509986028 -649.613898218495 414.8049966552658 448.0363783911401 -83.64559438534855 -138.48501183056877 -227.50909794905473 nan nan nan nan nan nan nan nan nan
2458337.6023 -78.2195537884 171.907572507 50.9620722763 213.159561386 nan nan nan nan nan nan nan nan nan nan nan nan nan nan nan nan nan nan nan nan nan nan nan nan nan nan nan nan nan nan nan nan nan nan nan -10.93333201051131 145.12625855818771 -401.310854208074 1567.311224523062 838.583765619025 50.962072276306024 243.300504201113 -985.9334779948996 -2543.879782171794 601.9092988370712 157.68602021467623 833.6096156601966 -411.6328698131727 47.762486145509264 -29.459990995089353 -136.90548504625608 501.21468677220093 nan nan nan nan nan nan nan nan nan
2458338.46275 -190.793441649 166.472544208 -179.484232356 252.957426724 nan nan nan nan nan nan nan nan nan nan nan nan nan nan nan nan nan nan nan nan nan nan nan nan nan nan nan nan nan nan nan nan nan nan nan 563.8254581484105 -217.63172149949668 318.0705357494544 3032.384569762759 1038.612540239535 -506.1327303656784 -566.5318353965627 650.0084780750811 -915.3439626361159 -1236.9852809899864 -1111.5678972129708 394.65545008661144 -645.6565796912478 390.4858015200253 -26.246482686038174 -179.4842323562332 -1142.0884986531266 nan nan nan nan nan nan nan nan nan
2458338.53551 101.744918247 170.20069453 -16.84075849 316.056925053 nan nan nan nan nan nan nan nan nan nan nan nan nan nan nan nan nan nan nan nan nan nan nan nan nan nan nan nan nan nan nan nan nan nan nan -428.0802138639234 297.82847336561844 435.75278996969666 4590.75028360385 493.4014378080446 -1423.5725237846211 -366.0801947869349 -1070.2690547877594 -1182.859355560834 -16.84075849001024 612.4624993034834 -31.00012605641685 -316.1107117706859 272.9206194130202 645.6754289781616 18.228443198859193 -195.6760033128609 nan nan nan nan nan nan nan nan nan
2458338.60373 -420.510213767 475.509780277 -418.625208804 623.57134527 nan nan nan nan nan nan nan nan nan nan nan nan nan nan nan nan nan nan nan nan nan nan nan nan nan nan nan nan nan nan nan nan nan nan nan 1334.60231444814 1348.6641104488303 4494.074276774222 -1.9539925233402755e-11 -1.9539925233402755e-11 -3490.153930584064 -1178.2660629927614 -4387.492797414861 -3471.3906888357424 -1496.668420399075 553.1104593224145 2919.7212228579997 970.8415370864273 51.781843862834705 -927.017938313828 -418.62520880387666 -1254.4027725789394 nan nan nan nan nan nan nan nan nan
2458339.45674 108.955864155 139.889890273 -9.87469324779 262.791891304 nan nan nan nan nan nan nan nan nan nan nan nan nan nan nan nan nan nan nan nan nan nan nan nan nan nan nan nan nan nan nan nan nan nan nan -454.76662035553545 -1377.1802085411134 12.350447285246057 3850.604250962721 1125.8363485379537 -339.19623612494166 95.5227673350176 -9.874693247791843 -133.48004337733607 189.5613062152759 -525.9321749299152 -229.57166475770805 -140.08663681133095 316.99552555310527 443.137872798026 577.0836235031438 -189.3598566940623 nan nan nan nan nan nan nan nan nan
2458339.56038 -171.352411566 128.267767876 -69.8429900875 254.91573471 nan nan nan nan nan nan nan nan nan nan nan nan nan nan nan nan nan nan nan nan nan nan nan nan nan nan nan nan nan nan nan nan nan nan nan 421.0023651233762 -185.2939978935772 263.05790208175404 3711.9150093969806 -10.379095465409755 -59.177969664167165 171.64562065376487 67.15888674824703 -633.6518198817432 -1466.001895123379 -321.29990003591865 -182.03682767896038 -363.03009449975895 249.43985150501348 -69.84299008747725 -475.815026203203 -690.5344077384577 nan nan nan nan nan nan nan nan nan
2458340.38975 1.40085960191 124.402530409 109.620097211 140.408356675 nan nan nan nan nan nan nan nan nan nan nan nan nan nan nan nan nan nan nan nan nan nan nan nan nan nan nan nan nan nan nan nan nan nan nan 938.1009631627307 -1012.9669626956155 622.4856520478503 -1.9539925233402755e-11 623.3769009301897 377.09166613056084 -159.51319269797955 -98.2788275951499 -716.9725906605124 339.56596524181214 -529.8234481271403 245.62924106185613 652.4062177884822 -26.389046640582325 -267.59552219767056 700.8017609933879 -218.02080593754724 nan nan nan nan nan nan nan nan nan
2458341.53081 20.2033096814 115.669424201 -30.9816420833 162.760318697 nan nan nan nan nan nan nan nan nan nan nan nan nan nan nan nan nan nan nan nan nan nan nan nan nan nan nan nan nan nan nan nan nan nan nan -339.2363696079596 847.6650058445307 -62.44927648998021 611.5640586349317 1506.8741378159116 939.6771988246185 1202.6677315992113 -1013.4193472606603 -486.56348541173503 -95.71224190597457 91.9056235478404 -30.981642083299516 359.57170598904673 158.48763305643968 -74.40529336804353 -142.30811786759992 -636.2889284781925 nan nan nan nan nan nan nan nan nan
2458342.44247 26.3260393467 168.58581186 130.327579423 272.464476585 nan nan nan nan nan nan nan nan nan nan nan nan nan nan nan nan nan nan nan nan nan nan nan nan nan nan nan nan nan nan nan nan nan nan nan 280.89435010509874 262.85908577130914 130.32757942279005 3743.0052836134055 943.9228532157782 -131.3182196778721 -789.5608559142436 173.3088369699068 -773.5929372758471 49.810818275386644 180.35450135975537 -378.6708695980696 1349.617768020248 -381.90052885949274 433.9860273206701 94.43219637459718 -1518.576905483115 nan nan nan nan nan nan nan nan nan
2458343.44362 68.3018124782 144.239402664 143.477156149 221.329852277 nan nan nan nan nan nan nan nan nan nan nan nan nan nan nan nan nan nan nan nan nan nan nan nan nan nan nan nan nan nan nan nan nan nan nan -412.1726059685874 712.7340929840703 365.50670548998227 2502.3514872907344 1775.6291471625555 90.83959735787825 -436.8100286997336 806.8456031512483 -461.1584916299605 -940.2689404998825 -719.8100298254586 717.30432675897 982.0449716385849 143.47715614938497 158.14558100696556 -78.93627998016724 -594.4898650685832 nan nan nan nan nan nan nan nan nan
2458344.43984 -71.604157767 140.398181838 -61.1224775778 279.427198589 nan nan nan nan nan nan nan nan nan nan nan nan nan nan nan nan nan nan nan nan nan nan nan nan nan nan nan nan nan nan nan nan nan nan nan -753.9315399089786 -218.58087736617753 5.0861346529293785 -3436.016546341501 2542.134522929556 533.7674999029261 -310.4245767326936 755.0077769045587 -90.02315881525725 216.05397837117906 -915.7599057378767 -61.12247757781837 720.3968543384536 16.861893883078704 -281.6899042338879 -145.70958019620775 20.15523707478135 nan nan nan nan nan nan nan nan nan
2458345.42932 21.3109193584 150.628820299 67.9638130728 185.589746834 nan nan nan nan nan nan nan nan nan nan nan nan nan nan nan nan nan nan nan nan nan nan nan nan nan nan nan nan nan nan nan nan nan nan nan 286.39435031029376 -550.3542620254046 958.2110204284461 97.5369367458939 1937.2251295567935 271.7037840363346 697.2986115651424 7.895591634333392 -136.19056282976368 -1509.8560646185076 -276.6426518730059 67.96381307283362 -1003.4535137051113 621.7277920124069 -112.67006277116873 166.548368227192 -186.84718149534027 nan nan nan nan nan nan nan nan nan
2458346.43425 -101.032852217 99.0412560549 -63.3709384513 143.333546721 nan nan nan nan nan nan nan nan nan nan nan nan nan nan nan nan nan nan nan nan nan nan nan nan nan nan nan nan nan nan nan nan nan nan nan -63.370938451310806 10.452975677366636 21.13391831697322 1383.0792244085867 1356.1110884260518 -649.0556259661238 -235.66766650669507 -104.71967064601867 -593.3380545236791 -300.11239577675576 -227.03738462934828 204.70358635172414 -72.36003632210276 -22.137848183824797 101.23408814737579 -846.2309935151806 282.2971454995026 nan nan nan nan nan nan nan nan nan
2458348.41609 -204.794417685 183.452472244 -63.8877276799 277.614767366 nan nan nan nan nan nan nan nan nan nan nan nan nan nan nan nan nan nan nan nan nan nan nan nan nan nan nan nan nan nan nan nan nan nan nan -1825.1174106885323 -729.603497057782 -843.9630178359719 3164.5894157214725 -4.425182536750602 1351.9372801028653 -624.1972243602335 -63.887727679924275 -1276.516545899739 757.7534466191262 -265.796937913705 87.80054100964789 82.03913775458078 -1055.878942583525 407.481009290425 162.43042572343052 -829.7431982035789 nan nan nan nan nan nan nan nan nan
2458349.57192 -158.243522828 187.080442502 -129.819550838 230.5697222 nan nan nan nan nan nan nan nan nan nan nan nan nan nan nan nan nan nan nan nan nan nan nan nan nan nan nan nan nan nan nan nan nan nan nan 99.85625478000132 324.1634930962701 -581.830125418897 -1518.7211134431825 991.5252091612928 -285.5684839678545 1655.1920539973962 349.92695467209455 -2410.689514002502 -129.81955083801606 -67.62755062457593 -801.4068785645909 -458.32136415861055 395.18392150325406 -237.075939416843 -743.4362141870669 844.3299632900638 nan nan nan nan nan nan nan nan nan
2458350.44196 -263.35934026 138.247273843 -105.696863316 168.028802446 nan nan nan nan nan nan nan nan nan nan nan nan nan nan nan nan nan nan nan nan nan nan nan nan nan nan nan nan nan nan nan nan nan nan nan -933.6059662895725 706.3739327768973 253.01704802364378 524.1239527883178 633.9513301676674 -1035.9901161412934 -454.10976759279873 -1258.682780306785 -717.394333620535 -1332.6111720060999 -951.2405733201018 142.0627926824888 451.3086065724786 93.87461795424954 -105.69686331630058 -104.09599330004276 -819.5472153586222 nan nan nan nan nan nan nan nan nan
2458351.41788 7.77251549532 158.47580807 -51.2646416833 301.904245388 nan nan nan nan nan nan nan nan nan nan nan nan nan nan nan nan nan nan nan nan nan nan nan nan nan nan nan nan nan nan nan nan nan nan nan -829.9437713539548 -291.043668603502 -51.26464168333423 -4113.245000965416 2137.343265056051 -306.30250648886346 -1339.7815260483142 415.6931556376084 -185.91005397755922 -610.4789266920247 118.85064890658705 262.40326248266064 330.89261263600315 578.8350364381698 -32.04520318292652 -516.9700833059267 446.0333242826765 nan nan nan nan nan nan nan nan nan
2458361.38496 -221.446097329 112.968497712 -221.643146891 137.165010717 nan nan nan nan nan nan nan nan nan nan nan nan nan nan nan nan nan nan nan nan nan nan nan nan nan nan nan nan nan nan nan nan nan nan nan -284.60144276071037 -559.731338971125 -83.42583875768703 -1.9539925233402755e-11 1149.373406879666 -89.02109957829516 -769.3339730349004 -486.8204316266782 -1212.9482856445475 -64.98458280414093 -206.6811624657682 206.63096964242868 338.57600671890447 -236.6051313168026 105.9628701617804 -624.921908419166 -801.2337251214257 nan nan nan nan nan nan nan nan nan
2458375.41266 -322.603049166 306.360942599 -135.238348748 380.647601784 nan nan nan nan nan nan nan nan nan nan nan nan nan nan nan nan nan nan nan nan nan nan nan nan nan nan nan nan nan nan nan nan nan nan nan -463.82094938975644 1526.738119429472 789.7283929374324 -1.9539925233402755e-11 2535.3976171515737 -1656.0052852957404 -1752.138198474093 1610.4696809483175 -2920.972343302147 637.2614976339122 -247.58333511419914 828.2363041705963 -1540.8825917382712 -22.89336238198286 238.95752272324523 -1919.0938803469892 -1352.750231618549 nan nan nan nan nan nan nan nan nan
2458382.35142 -233.162254035 107.472658358 -493.858959978 111.076251794 nan nan nan nan nan nan nan nan nan nan nan nan nan nan nan nan nan nan nan nan nan nan nan nan nan nan nan nan nan nan nan nan nan nan nan -703.9761795683073 -79.21818034190953 -548.8964908886053 -1.9539925233402755e-11 -591.8246440134625 -13.17026871131418 -976.1234858776113 -496.759342124682 -490.9585778314449 1.3222772071579394 -640.3123350053102 -464.32399681418116 804.2377445167066 -28.948547358879733 157.1259796143724 -520.8871870812064 -772.4921784894017 nan nan nan nan nan nan nan nan nan
2458390.33102 -387.845775346 174.697297441 -563.913084861 202.7243771 nan nan nan nan nan nan nan nan nan nan nan nan nan nan nan nan nan nan nan nan nan nan nan nan nan nan nan nan nan nan nan nan nan nan nan -521.841931664224 188.9813152277012 241.96193343514835 -1.9539925233402755e-11 717.2352655923527 -999.1570652022049 -1643.8570748353718 -633.1508622486614 501.99134106368314 -1851.501805007586 292.2519506999099 -1751.152657503511 -779.964436662855 -605.9842380582551 109.1783349791411 -1040.9013570043464 -421.0477292195436 nan nan nan nan nan nan nan nan nan
2458398.29777 -53.757662021 159.60231226 -97.0515482662 208.765870198 nan nan nan nan nan nan nan nan nan nan nan nan nan nan nan nan nan nan nan nan nan nan nan nan nan nan nan nan nan nan nan nan nan nan nan 155.83084090920008 446.0213375621713 -160.223694049605 -1.9539925233402755e-11 -465.6373288929013 -772.8904393699191 -2683.639538284317 326.60117723692105 1050.0135233969395 -52.36512580294216 -419.64896450153805 342.4357131779693 -753.8094054086556 78.99182014897033 -168.18261550573592 684.2191242147528 -141.7379707295243 nan nan nan nan nan nan nan nan nan
2458409.28519 -524.001682581 177.645954872 -459.859048133 265.608578426 nan nan nan nan nan nan nan nan nan nan nan nan nan nan nan nan nan nan nan nan nan nan nan nan nan nan nan nan nan nan nan nan nan nan nan 1902.906398534684 -26.68406903438337 -315.91464887776317 -1.9539925233402755e-11 45.91931295038807 -1550.5845232580311 -3175.754994863928 528.8639870115013 -267.2228579986527 -516.4862408464861 -757.2801245401697 120.59590037478549 -603.711048557263 -436.6613942584507 -483.0567020084245 -669.9324517241239 -1361.2103886226635 nan nan nan nan nan nan nan nan nan
2458427.28215 -260.945736537 256.985419509 -381.814819732 317.071140486 nan nan nan nan nan nan nan nan nan nan nan nan nan nan nan nan nan nan nan nan nan nan nan nan nan nan nan nan nan nan nan nan nan nan nan 288.6301497536573 -625.6975339158698 -984.7525130237796 -1.9539925233402755e-11 -427.9870118820322 -2616.980234459368 -934.8008819815634 1442.0467267732893 -1758.4202122938352 -3551.6980905100286 -335.64262758110516 -521.7509413835959 -229.75954066367032 -4.622920152013684 163.9971116329637 459.2190148221547 993.5394560702232 nan nan nan nan nan nan nan nan nan
2458434.27627 -631.697865349 189.648584939 -645.277854412 284.669937361 nan nan nan nan nan nan nan nan nan nan nan nan nan nan nan nan nan nan nan nan nan nan nan nan nan nan nan nan nan nan nan nan nan nan nan -4.048124501929532 -1618.189273991947 -1944.2897120382286 -4633.601085752757 -691.249785006691 -142.75517267870632 -1802.4498915567267 -524.6520693814279 -964.3411407995158 -406.2577811065443 -1534.5061130069275 -645.2778544116877 -338.0711403958214 163.99980231109478 -282.3282455052841 84.60025735463691 -1789.7435606682793 nan nan nan nan nan nan nan nan nan
2458451.27182 -332.681003056 129.993712823 -587.589170219 145.676591315 nan nan nan nan nan nan nan nan nan nan nan nan nan nan nan nan nan nan nan nan nan nan nan nan nan nan nan nan nan nan nan nan nan nan nan 319.1931454618428 -878.770174326494 -438.611440640612 -1.9539925233402755e-11 -1005.8373878570515 -877.1326602380464 -1426.5068302652026 -78.01950391066248 -819.2047483604434 -1536.2513421457109 -52.33175012508343 -692.238333157943 158.4164234259099 -482.94000728017943 45.67159952669676 286.38554211036245 -785.6970800348548 nan nan nan nan nan nan nan nan nan
2458546.72865 272.158442146 233.282061049 158.898488103 294.897730397 nan nan nan nan nan nan nan nan nan nan nan nan nan nan nan nan nan nan nan nan nan nan nan nan nan nan nan nan nan nan nan nan nan nan nan 180.7770874586173 -1185.8058747534515 -1734.5553675631916 -1477.5420858598309 -770.7231020323165 763.3427710466208 2818.803812146277 -212.652288816423 -643.6653393180605 1447.5299506119031 1455.3223732011397 378.2981884474837 1637.2655083202783 -222.26775345222597 102.3872788587138 158.8984881034268 1075.1740404777481 nan nan nan nan nan nan nan nan nan
2458556.71856 371.925024301 257.863524261 620.521143709 361.65745438 nan nan nan nan nan nan nan nan nan nan nan nan nan nan nan nan nan nan nan nan nan nan nan nan nan nan nan nan nan nan nan nan nan nan nan 97.15126074292293 2521.9926830532054 -375.7839053350987 -2606.4237575235834 -983.1394607847599 1070.070125414159 3869.491899411271 1453.0877856075003 1159.0461712727022 1598.955375691429 620.5211437088872 -528.0549337901188 648.0188180726485 -1166.0137642895781 783.3959673956233 161.92571545232303 -150.4415357348919 nan nan nan nan nan nan nan nan nan
2458570.70072 772.965395611 304.420081523 1006.03008546 451.593711047 nan nan nan nan nan nan nan nan nan nan nan nan nan nan nan nan nan nan nan nan nan nan nan nan nan nan nan nan nan nan nan nan nan nan nan -2058.612325662419 -1050.1605277281437 1158.1279239718035 3907.1953102055304 -1.9539925233402755e-11 1076.297550300857 3642.4462059058496 2666.344278083832 -1385.562660270301 2798.6148668614414 421.1595886234243 718.5556250504419 -668.0024799147903 1159.9342571222687 935.7626206134847 153.18502564426672 3072.259842027385 nan nan nan nan nan nan nan nan nan
2458597.66396 593.386334025 260.467055244 514.286713729 334.588055958 nan nan nan nan nan nan nan nan nan nan nan nan nan nan nan nan nan nan nan nan nan nan nan nan nan nan nan nan nan nan nan nan nan nan nan -1.9539925233402755e-11 222.84560546931291 611.3036510353962 2108.9704570913937 -446.0184679732452 -1978.6810034795626 677.8887340707903 3723.615676072576 437.8217730173635 -1041.1647156998995 590.7516544410703 -1031.3554963085733 657.8702475785044 1279.7036363203845 212.06762566803903 -35.81715128759268 1504.2176356818745 nan nan nan nan nan nan nan nan nan
2458604.60783 233.077255947 90.7806278454 173.38724458 111.005768794 nan nan nan nan nan nan nan nan nan nan nan nan nan nan nan nan nan nan nan nan nan nan nan nan nan nan nan nan nan nan nan nan nan nan nan -450.3576508849756 -443.64153962767494 -94.43216029099256 -1.9539925233402755e-11 -111.31611238159083 -329.8278333835244 238.3832512902392 1156.1438829453327 554.4744895487031 703.1847889604423 769.6694723228356 165.03542504607893 187.50188176685245 277.420648409559 81.30560388343586 181.739064113054 62.489367752206576 nan nan nan nan nan nan nan nan nan
2458614.61491 241.55036946 140.317182798 259.89319081 262.232249693 nan nan nan nan nan nan nan nan nan nan nan nan nan nan nan nan nan nan nan nan nan nan nan nan nan nan nan nan nan nan nan nan nan nan nan 493.69126031068356 218.67439428231884 713.0165632850413 3779.99225393995 -952.9248023572061 892.6239735060402 187.34945902517796 -941.5592832440808 543.6750072127494 -18.788980622077023 303.4195346125198 54.898906806934946 -1031.6420715453944 259.89319080997535 240.29991794679196 445.1911328975238 1298.2146374015476 nan nan nan nan nan nan nan nan nan
2458626.60144 144.763680815 141.406338891 396.549918338 140.250612614 nan nan nan nan nan nan nan nan nan nan nan nan nan nan nan nan nan nan nan nan nan nan nan nan nan nan nan nan nan nan nan nan nan nan nan -283.51775905935455 318.97178083262764 474.1280558439587 -1.9539925233402755e-11 -588.2925860068517 1446.443342019871 735.3291244687271 192.34705791416138 496.9231636895197 560.9240633144674 732.8381989652471 230.55491379286676 -74.25737896130217 -704.4489357722445 -245.22611018086997 611.4175985228876 751.897354254513 nan nan nan nan nan nan nan nan nan
2458636.61481 65.9434025972 138.83290805 -228.459829458 149.733465018 nan nan nan nan nan nan nan nan nan nan nan nan nan nan nan nan nan nan nan nan nan nan nan nan nan nan nan nan nan nan nan nan nan nan nan -1010.0736952374689 -663.6888225148019 -446.9746455762341 -1.9539925233402755e-11 -809.9075127652204 -289.8512697257521 397.95798171008624 191.681330726537 980.6519117132968 -430.39661644506214 180.61071147045914 891.6530671486909 -685.2919853489678 -167.0683891906346 609.7284314905478 -160.33627509325842 -321.3480176356508 nan nan nan nan nan nan nan nan nan
2458643.62104 223.512878166 155.952063567 476.946723415 218.05355683 nan nan nan nan nan nan nan nan nan nan nan nan nan nan nan nan nan nan nan nan nan nan nan nan nan nan nan nan nan nan nan nan nan nan nan 1146.9824414288287 -204.09237396257558 481.59771684675803 -1.9539925233402755e-11 -1882.1395904935955 -533.4770844111848 -1402.7950061430806 859.7401019722739 1046.309741485563 850.5976508438508 512.5465279936885 -507.71528550117074 701.9676809711634 -192.53538397667626 472.29572998399226 -122.01984005629708 630.3125249168587 nan nan nan nan nan nan nan nan nan
2458655.58308 234.646926492 138.813793491 211.660686836 175.753916444 nan nan nan nan nan nan nan nan nan nan nan nan nan nan nan nan nan nan nan nan nan nan nan nan nan nan nan nan nan nan nan nan nan nan nan -920.7651720845779 425.0624151315842 -355.1344001903599 -1.9539925233402755e-11 -205.19594994778282 -738.3792090882469 1501.7111682516215 1252.1476768255052 523.5302714749303 -515.9217936197299 743.8201836424482 203.65143954484105 -543.4980062657642 588.2927416879637 219.6699341267937 -304.24685772315775 545.203802598403 nan nan nan nan nan nan nan nan nan
2458663.56982 2.57022542084 156.636045455 126.408652439 249.03983172 nan nan nan nan nan nan nan nan nan nan nan nan nan nan nan nan nan nan nan nan nan nan nan nan nan nan nan nan nan nan nan nan nan nan nan 77.25616363646843 463.49224098066827 -687.0937188212548 -3159.8477684729587 -597.0741154944982 276.15183182597497 12.943027610706027 1160.2934570624961 148.95260601647115 430.85667238940874 -584.3864970553805 -1788.08305688333 516.7752044625073 226.81694715151792 -62.72360631431849 126.40865243878957 849.9068230283827 nan nan nan nan nan nan nan nan nan
2458678.52712 -234.29411008 689.914087782 -195.499362171 864.123444848 nan nan nan nan nan nan nan nan nan nan nan nan nan nan nan nan nan nan nan nan nan nan nan nan nan nan nan nan nan nan nan nan nan nan nan 4424.426078553619 -195.49936217073963 1333.2240043794136 392.0329104259673 -5068.543440742185 3305.729625869138 958.3863644189188 -3365.0645290375287 -843.8989450271087 -1.9539925233402755e-11 -817.5722807175679 -1.9539925233402755e-11 -1.9539925233402755e-11 -1.9539925233402755e-11 -1.9539925233402755e-11 -1.9539925233402755e-11 -3362.4749073276544 nan nan nan nan nan nan nan nan nan
2458687.53559 50.0955672559 185.822085223 157.965414691 277.502653516 nan nan nan nan nan nan nan nan nan nan nan nan nan nan nan nan nan nan nan nan nan nan nan nan nan nan nan nan nan nan nan nan nan nan nan -2989.521387125521 1159.494313678701 -223.23742832909525 -1.9539925233402755e-11 1783.961995860756 482.41011430070614 268.317577869101 1062.0616387052596 -1181.6263740069583 -739.194467761147 -364.98184755887405 948.7557024296633 -10.060092201759304 -190.73461068423643 96.96194106183552 731.1499621876296 218.96888831945333 nan nan nan nan nan nan nan nan nan
2458694.47656 166.439272199 171.06442155 114.92657382 267.964435881 nan nan nan nan nan nan nan nan nan nan nan nan nan nan nan nan nan nan nan nan nan nan nan nan nan nan nan nan nan nan nan nan nan nan nan 1028.8767598940215 -126.76959076565747 17.230947208773955 -1.9539925233402755e-11 3777.172721014172 -1057.2575313466773 1425.9293341261412 454.5083074120287 254.70487250593948 498.73528352411785 -231.480467054376 30.529764797423496 -58.13236380254775 -55.3024755258193 199.32338284357482 269.8040042748278 -495.79305916029523 nan nan nan nan nan nan nan nan nan
2458701.45416 163.320901593 126.159221511 264.381472072 188.64567523 nan nan nan nan nan nan nan nan nan nan nan nan nan nan nan nan nan nan nan nan nan nan nan nan nan nan nan nan nan nan nan nan nan nan nan -622.1162106384689 299.8652755690684 -333.02805584582865 2372.0277987838895 667.3199163802853 432.39864060734703 92.39621177657858 -1003.9424663823588 677.9669700839905 -839.7718753403484 264.38147207201996 587.3699243816491 731.2933589558396 702.2942359903202 10.483473571316114 -101.88090571230394 -175.35036417438891 nan nan nan nan nan nan nan nan nan
2458708.42839 -55.091263617 176.736413028 -151.419309789 333.26655226 nan nan nan nan nan nan nan nan nan nan nan nan nan nan nan nan nan nan nan nan nan nan nan nan nan nan nan nan nan nan nan nan nan nan nan -151.41930978898108 -896.9137191346126 -1154.763131463657 4873.60443638347 -824.3246060769162 -349.58279757436713 4.358159139022536 -554.2389549432482 516.7955090174801 -1225.3059764500006 370.59181036173226 -871.098226593017 -396.66195766784887 288.60506045260075 23.528731100273017 533.5340003756088 4.756042544767105 nan nan nan nan nan nan nan nan nan
2458715.41349 3.54444466281 106.052250909 -7.34512538698 181.081142386 nan nan nan nan nan nan nan nan nan nan nan nan nan nan nan nan nan nan nan nan nan nan nan nan nan nan nan nan nan nan nan nan nan nan nan -617.3099478993157 365.40481524124635 960.9193412389355 -2178.157222666091 1271.306129944271 -397.68025815663566 147.0830926580502 -551.4478396963918 -362.90151377297167 -418.89887127029755 170.55218990918053 476.2887126888562 209.57222312304086 -356.2509911546575 30.05467477568368 -7.345125386978487 -51.56539037051054 nan nan nan nan nan nan nan nan nan
2458723.40603 -194.464426737 120.936080534 -154.504650855 189.032305065 nan nan nan nan nan nan nan nan nan nan nan nan nan nan nan nan nan nan nan nan nan nan nan nan nan nan nan nan nan nan nan nan nan nan nan -16.163671502795353 309.227482607565 384.498750422211 -2081.972730118802 548.6404625605657 1466.0164730624576 -685.5410217385754 -602.7851456161725 43.76794243113554 -1416.6964213648776 -92.42264413589942 -191.71817711136256 241.60008371588344 -333.0973460917789 -397.5545254803038 -270.0928429793378 -154.50465085504734 nan nan nan nan nan nan nan nan nan
2458731.48833 -482.248946782 294.274250546 -492.743677532 421.855493312 nan nan nan nan nan nan nan nan nan nan nan nan nan nan nan nan nan nan nan nan nan nan nan nan nan nan nan nan nan nan nan nan nan nan nan -4655.600756279116 -1957.313087897082 -257.85665557189776 -3079.404393196523 223.22468354197542 -54.97352337126987 -3066.691988429973 -1877.4963349121465 -1373.0586894225378 -1550.2440279701111 -116.22785748916621 3007.8427230844854 -288.2192239180012 92.30653716595899 -492.74367753242115 -1353.100989999609 577.5282836721432 nan nan nan nan nan nan nan nan nan
2458743.33664 -104.773076572 161.340426862 -51.6650504529 317.526017892 nan nan nan nan nan nan nan nan nan nan nan nan nan nan nan nan nan nan nan nan nan nan nan nan nan nan nan nan nan nan nan nan nan nan nan -395.88153553470016 -394.48649901422925 -561.8173769098694 -4636.589249810457 1233.9855610655577 -339.9754519152399 -1759.746686262267 385.46024801574384 162.09778185396257 -186.8766285999357 -32.07354581525482 430.750963331256 1214.885444360654 117.09212714376028 -563.4357985438678 82.01192148764284 -51.66505045291363 nan nan nan nan nan nan nan nan nan
2458755.35872 -233.866827777 176.041347068 -40.6244540789 207.359150214 nan nan nan nan nan nan nan nan nan nan nan nan nan nan nan nan nan nan nan nan nan nan nan nan nan nan nan nan nan nan nan nan nan nan nan 494.7206788651877 -827.2467275667095 196.7192717500778 -1.9539925233402755e-11 684.2157913799921 1222.1865390065927 -1254.8067124732866 44.52414768212992 856.3567308849185 388.50728327733816 -329.102745058215 -871.2385239607111 -694.4490308873849 -125.77305583993085 113.19295301666149 -838.098022936898 -1823.6774756869427 nan nan nan nan nan nan nan nan nan
2458762.40081 -100.415960767 121.557961877 -13.9156580287 145.357034269 nan nan nan nan nan nan nan nan nan nan nan nan nan nan nan nan nan nan nan nan nan nan nan nan nan nan nan nan nan nan nan nan nan nan nan 1157.98971954833 -670.3960844620582 629.506508338505 -1.9539925233402755e-11 812.4543164512156 355.84793259985025 -698.5159554801265 -359.2730504198209 -59.35503611051487 375.6721974347235 283.3256441852752 712.0923795243988 -326.0137239881801 -280.7098474950174 -415.5983051399461 -662.4167812726588 31.523720053201227 nan nan nan nan nan nan nan nan nan
2458772.30656 -248.499898368 197.054195823 -168.779124603 245.369473137 nan nan nan nan nan nan nan nan nan nan nan nan nan nan nan nan nan nan nan nan nan nan nan nan nan nan nan nan nan nan nan nan nan nan nan -651.7614587115896 823.117965817913 591.3943404853808 -1.9539925233402755e-11 -1186.037435293262 -762.8791839167391 -1423.0898319409032 1373.7192099571937 -2205.5181853324398 -123.13067916888066 -984.0555533192693 1290.8258550484095 -75.77249780228334 -534.769749229244 -214.4275700371259 -62.745910307255016 365.5135328286966 nan nan nan nan nan nan nan nan nan
2458784.32603 -332.588031021 140.719831116 -273.600063592 168.990364841 nan nan nan nan nan nan nan nan nan nan nan nan nan nan nan nan nan nan nan nan nan nan nan nan nan nan nan nan nan nan nan nan nan nan nan 116.72418941150917 -533.3232644691261 -1006.4603581555796 -1.9539925233402755e-11 -704.1012102756538 -1227.0265116518735 -1189.3092399563661 -291.7101172576284 290.54783959735084 -2073.7865952028774 88.98531042333289 387.5618673957519 -255.4900099273385 -834.0957119216223 -116.32622114396104 -6.968528040926987 103.35094336187026 nan nan nan nan nan nan nan nan nan
2458795.27208 -357.182729535 276.262605998 -19.7004867835 396.052114617 nan nan nan nan nan nan nan nan nan nan nan nan nan nan nan nan nan nan nan nan nan nan nan nan nan nan nan nan nan nan nan nan nan nan nan 1021.1090690750312 -4023.560409903414 998.5922285667607 -1.9539925233402755e-11 661.4263446629378 -3711.3294550032715 -2639.3871946094587 218.90686599048792 -72.51783070419971 33.11685713721792 -315.0701150348258 676.0754315208736 539.0459409697968 99.41019787082342 -123.29738234505547 -928.714305229689 -1037.8192398233457 nan nan nan nan nan nan nan nan nan
