2457862.65573 24233.2888956 4881.49682311 nan nan nan nan nan nan nan nan nan nan nan nan nan nan nan nan nan nan nan nan nan nan nan nan nan nan nan nan nan nan nan nan nan nan nan 45569.9947017345 58532.68776857718 66165.43493773734 44560.711425086265 26282.775913034995 19498.76304824005 66214.3086395333 3072.428179583261 1403.3756380772043 40248.88263443937 22227.913862387217 33636.980283380224 24941.387476590036 20622.424284539822 26102.832333582264 -5083.303056323753 -7828.171361379759 nan nan nan nan nan nan nan nan nan
2457866.62676 -408.95026036 5357.14255767 nan nan nan nan nan nan nan nan nan nan nan nan nan nan nan nan nan nan nan nan nan nan nan nan nan nan nan nan nan nan nan nan nan nan nan 2722.3489648400546 -2284.5529005054073 -17295.568671233315 51412.829995395994 -39277.80623505062 -34320.34123400942 53322.18608383374 -37744.4465340225 -37084.036345119595 8299.180588000836 -21441.531787841617 11031.831672201855 620.5503033264206 -10343.5806082515 6637.723265266617 22207.027338062995 2201.93141947575 nan nan nan nan nan nan nan nan nan
2457875.6613 -748.34207193 3655.2965647 nan nan nan nan nan nan nan nan nan nan nan nan nan nan nan nan nan nan nan nan nan nan nan nan nan nan nan nan nan nan nan nan nan nan nan -15361.677008935258 -28468.99132875183 -21945.380479694817 28866.92839593275 15947.117640656075 -21609.478887035988 36471.27010448533 5446.4074981505655 -9466.330238561271 -5040.045101546989 3176.979307549279 1023.4384396314804 -29536.47354025891 -6782.99666733626 10346.438555590143 4273.960550849144 -15417.189373620364 nan nan nan nan nan nan nan nan nan
2457882.64194 6176.63164818 4437.18182642 nan nan nan nan nan nan nan nan nan nan nan nan nan nan nan nan nan nan nan nan nan nan nan nan nan nan nan nan nan nan nan nan nan nan nan 12945.67907340898 43752.50686249333 24120.110541339673 21652.30379466563 -18160.17704690816 -26473.958439099606 55271.61741530799 -15091.493927725996 -22551.73690980932 14637.91478566137 3621.6550515287745 -4423.078167673586 -1717.0867961749607 -15270.886143965567 14645.889357187923 18752.15532609524 9481.62014650988 nan nan nan nan nan nan nan nan nan
2457887.64523 7142.89496593 3795.71777556 nan nan nan nan nan nan nan nan nan nan nan nan nan nan nan nan nan nan nan nan nan nan nan nan nan nan nan nan nan nan nan nan nan nan nan 40286.16950893091 11451.366208631027 16364.682996086849 27350.05067390175 187.0042639391886 29057.582401816515 49954.14137059787 -12894.909552040152 -35856.48603595435 -16368.356428205252 8707.700470238498 27534.39181605443 16797.48703991966 -234.55086676869774 10310.358584256353 4772.519081327105 -6262.044342233766 nan nan nan nan nan nan nan nan nan
2457889.6132 47975.3902979 8420.87457181 nan nan nan nan nan nan nan nan nan nan nan nan nan nan nan nan nan nan nan nan nan nan nan nan nan nan nan nan nan nan nan nan nan nan nan 87988.8301859449 116822.0237481001 36874.628659458314 46177.67497709483 112012.29495566462 83081.63390536155 138651.07108657443 33665.12700197853 -34791.33679792331 58972.42633822711 33178.326353424476 51334.99984299084 34094.01681864455 28313.839103758037 56787.79256442872 10282.798282611155 9660.365390599281 nan nan nan nan nan nan nan nan nan
2457893.63034 15232.8152339 4055.64011289 nan nan nan nan nan nan nan nan nan nan nan nan nan nan nan nan nan nan nan nan nan nan nan nan nan nan nan nan nan nan nan nan nan nan nan -27613.731106073927 -23034.528163590658 7849.788368105884 34790.69242931659 -5141.437133751465 32448.644285627273 62788.29240771399 -6160.501461846284 18432.290821529805 206.62284558042668 27710.499010034197 35777.90682666862 1115.1478562826599 15374.638114886653 17923.584301243045 16441.171045817744 12795.40022390058 nan nan nan nan nan nan nan nan nan
2457907.61396 472.22886506 4755.86099509 nan nan nan nan nan nan nan nan nan nan nan nan nan nan nan nan nan nan nan nan nan nan nan nan nan nan nan nan nan nan nan nan nan nan nan 15987.8077006897 -37809.33876540401 -21775.526466414805 41517.78372749439 -94.04663020093813 16322.486901475486 47876.019435966286 -23678.834601204857 7367.603550504415 5085.115151432199 6076.119241188268 -29326.65006379699 2780.3506688295797 -22148.42206503582 12094.924082192967 9419.44852445686 -8576.993198754117 nan nan nan nan nan nan nan nan nan
2457909.58308 -2722.69472768 4118.14608676 nan nan nan nan nan nan nan nan nan nan nan nan nan nan nan nan nan nan nan nan nan nan nan nan nan nan nan nan nan nan nan nan nan nan nan 14349.213398858046 -2812.3420240903724 -39102.127628870854 47892.29135753861 8116.727143379626 -16664.522579788965 -33490.99507439464 -7668.2776024547575 -43744.57249937873 -9601.953925605945 2905.8412124869005 -5556.875784010335 14683.806217592371 -607.4174274459124 306.33984624278884 2132.7945945808196 -16327.48083470575 nan nan nan nan nan nan nan nan nan
2457911.55742 -1385.9669221 3630.59214503 nan nan nan nan nan nan nan nan nan nan nan nan nan nan nan nan nan nan nan nan nan nan nan nan nan nan nan nan nan nan nan nan nan nan nan -17191.515736415877 -15635.238039725165 -14134.167164530118 52588.538694712006 -15674.188226509796 -3187.4353373186086 27339.71970702724 -12529.242172099777 -7900.738245586673 -6127.546382843019 -2280.0214042408957 -4211.120203771714 1180.5617847796068 -7127.345315410745 4563.694068956178 -3726.5759810030786 -13343.050980547823 nan nan nan nan nan nan nan nan nan
2457916.60366 4178.79181185 2917.90540535 nan nan nan nan nan nan nan nan nan nan nan nan nan nan nan nan nan nan nan nan nan nan nan nan nan nan nan nan nan nan nan nan nan nan nan -8905.712081530879 -8440.437510972319 -5280.899984580907 37257.416972179635 12305.52382932291 7060.630641452971 41558.73610109913 -5067.477426637695 -2298.658601158486 146.67585891431384 2200.430539961608 -348.58103667959443 9562.116044803388 -4039.8709011778856 7266.328199780778 2908.012611159068 -6611.392850960595 nan nan nan nan nan nan nan nan nan
2457918.62774 1992.33127659 4340.95854598 nan nan nan nan nan nan nan nan nan nan nan nan nan nan nan nan nan nan nan nan nan nan nan nan nan nan nan nan nan nan nan nan nan nan nan -12068.194916758084 482.8357096117569 1044.0818440583473 59206.09591840174 19038.528452117836 -3420.4164829915385 19105.006962042924 -12417.01154386914 -1729.9506499333852 3966.820326687234 -4817.658818559816 6581.534734484924 -15197.587632539065 -8499.475389667576 1539.5822762097748 -2787.6970698599066 -12162.646047078193 nan nan nan nan nan nan nan nan nan
2457921.57697 -5207.98019432 3553.86637116 nan nan nan nan nan nan nan nan nan nan nan nan nan nan nan nan nan nan nan nan nan nan nan nan nan nan nan nan nan nan nan nan nan nan nan -26890.28503120564 -30207.477935248324 -20200.865698343227 40498.39760122555 -1152.857828241134 -2997.282907812431 14727.370414926572 -31513.63465600031 -18890.31213925904 -3898.3296407686407 -382.3455775546446 464.5915305623817 629.7342769386586 -11770.775972795062 -6724.2819763422885 3586.1117197309645 -7505.387245843777 nan nan nan nan nan nan nan nan nan
2457928.57587 45.4222685266 3642.24673714 nan nan nan nan nan nan nan nan nan nan nan nan nan nan nan nan nan nan nan nan nan nan nan nan nan nan nan nan nan nan nan nan nan nan nan -3151.645661013143 -3119.552916009208 -13413.42888494323 58651.52174946235 4562.737695704268 -11004.593356041505 -1176.3154656845281 -22356.497672682726 -8564.3948690181 4079.3073061995983 -8736.679550877523 -4509.680407178272 -3354.07545420357 -4650.80610089417 2866.2660586588327 1390.3193317540051 -371.2829475981088 nan nan nan nan nan nan nan nan nan
2457930.59957 -4269.26891762 4373.87616514 nan nan nan nan nan nan nan nan nan nan nan nan nan nan nan nan nan nan nan nan nan nan nan nan nan nan nan nan nan nan nan nan nan nan nan -36701.05829788782 -35366.66161445651 -22004.81821848599 43926.25039836966 -14994.83829572554 27254.985971089776 -35990.50135218524 -20643.161243426315 1719.4096979814817 7771.849190014579 -21918.86426354401 -3051.4165730250115 19249.07898435855 1107.957228811329 -5512.182093323766 -11711.70473177372 -40.29667920518625 nan nan nan nan nan nan nan nan nan
2458029.31256 -4503.87046232 3475.10660451 nan nan nan nan nan nan nan nan nan nan nan nan nan nan nan nan nan nan nan nan nan nan nan nan nan nan nan nan nan nan nan nan nan nan nan -5649.989774226554 -24238.003951267518 -3053.431051879358 34839.07018994505 -1189.3198328576957 -1989.7409483735019 -48620.40102575703 -27145.093937401376 5138.280979318855 -14930.54125029194 4765.873116790725 -11735.18790338102 -2056.4699550609485 -17371.450411559967 -2859.6710049554267 4691.3544579756635 19102.727360225024 nan nan nan nan nan nan nan nan nan
2458034.31171 -6035.15480311 4185.07025048 nan nan nan nan nan nan nan nan nan nan nan nan nan nan nan nan nan nan nan nan nan nan nan nan nan nan nan nan nan nan nan nan nan nan nan -21280.271643767777 -44804.392602081185 -26061.345925605132 64296.186367151604 -26780.74379806348 -12150.813886978345 1997.3490349967879 -18937.14245303626 1001.9533464520188 1213.5321448000864 -7204.872855278523 -49.157743969985496 4667.408061212257 -14764.0600328945 -3435.4820152291663 7022.3753022104 -6938.048810160762 nan nan nan nan nan nan nan nan nan
2458048.37069 -1349.29567785 3368.61440759 nan nan nan nan nan nan nan nan nan nan nan nan nan nan nan nan nan nan nan nan nan nan nan nan nan nan nan nan nan nan nan nan nan nan nan -26731.718328595376 -19149.11161699193 -17316.137871652772 41970.21105800246 -2985.3994940292537 -3494.474638651025 -3979.051451982509 -21490.249970887246 27907.31532649555 -20093.82181044656 3652.2552983592445 -15257.29191986037 3760.5093125614785 -2124.6699395248506 454.8890058591865 -856.0844116779691 17473.976115411075 nan nan nan nan nan nan nan nan nan
2458054.33473 -4690.5909342 3740.57425781 nan nan nan nan nan nan nan nan nan nan nan nan nan nan nan nan nan nan nan nan nan nan nan nan nan nan nan nan nan nan nan nan nan nan nan -28980.942883759562 -23978.36424640739 -13534.625553021026 48670.54007416377 -1729.9232022948079 7839.161582175978 -14819.123112993799 -30459.90099774913 12436.158018965441 -4656.670487549786 10291.88917755235 -361.6666826956913 -18413.743276287372 -13915.574740869935 -9703.9298097155 4051.2681856722734 13114.86051130114 nan nan nan nan nan nan nan nan nan
2458059.27961 -3996.82479627 3632.59542131 nan nan nan nan nan nan nan nan nan nan nan nan nan nan nan nan nan nan nan nan nan nan nan nan nan nan nan nan nan nan nan nan nan nan nan -20464.78946144642 -33771.19036865586 -25227.760161498023 48696.31666999531 -22671.222579799058 -23592.510885492167 -13810.588597682778 -6731.171875932258 3724.5650907808636 -10796.573411412246 2756.39131512916 12714.999239687684 -506.0155448951074 -7942.558311873767 -2952.664599978086 -77.698684679378 15366.25265080887 nan nan nan nan nan nan nan nan nan
2458079.28706 -7185.70631424 2655.45994035 nan nan nan nan nan nan nan nan nan nan nan nan nan nan nan nan nan nan nan nan nan nan nan nan nan nan nan nan nan nan nan nan nan nan nan -8163.079827293705 -38389.568857661696 -14878.805590948326 25878.194881585583 -4058.3579815424623 -7259.759710322576 -25420.635870488233 -12251.63862056112 -9169.595663274866 -22213.354821838646 -11270.331789752368 -343.5105583193163 -16141.822927714287 -8916.184630213927 1847.3995441660204 -852.6886817634213 -5250.639579809157 nan nan nan nan nan nan nan nan nan
2458084.26697 -6851.3981508 3033.6876542 nan nan nan nan nan nan nan nan nan nan nan nan nan nan nan nan nan nan nan nan nan nan nan nan nan nan nan nan nan nan nan nan nan nan nan -19519.561913564445 -36211.15460967948 -8415.233868575304 49851.50037896233 -4856.661449679757 -11393.921343063665 -23296.670651682318 -13053.424727127218 711.1801502527926 -16373.405290450704 -3567.564209592144 -18893.229920925474 -7652.751837860255 -6418.166928748085 -5753.839464948838 -4940.180800420205 -2693.8127208418987 nan nan nan nan nan nan nan nan nan
2458094.25766 -6590.35861254 3167.25740986 nan nan nan nan nan nan nan nan nan nan nan nan nan nan nan nan nan nan nan nan nan nan nan nan nan nan nan nan nan nan nan nan nan nan nan -14663.59977532795 -48431.17261474233 -13439.346274828045 36738.74969440269 -10705.556386791088 -13344.689676238104 -16912.59635966118 -10577.127870842975 13122.862499116645 -18730.16336236998 2600.1957661173074 -2239.8796908870722 -14280.883449417457 -3166.2636868902227 -6738.327150909179 -9667.563533492763 -2865.2363784241165 nan nan nan nan nan nan nan nan nan
2458244.65318 -5111.52854342 2888.32729043 nan nan nan nan nan nan nan nan nan nan nan nan nan nan nan nan nan nan nan nan nan nan nan nan nan nan nan nan nan nan nan nan nan nan nan -14744.078980473623 -30705.89218932357 -16712.29962960527 23949.763134274108 -9576.005668591419 2875.1236421012545 25579.056541034493 -9441.160361644852 -29734.233722207417 -12786.192531376058 -14671.767875343805 -8218.76357344482 -9745.799129491385 -6394.635043479831 3473.377012875102 -1172.148667938131 -4743.999395859562 nan nan nan nan nan nan nan nan nan
2458263.63617 -1094.68487716 4914.40699823 nan nan nan nan nan nan nan nan nan nan nan nan nan nan nan nan nan nan nan nan nan nan nan nan nan nan nan nan nan nan nan nan nan nan nan 1652.3262565061198 -1954.5417017388934 -33845.22070493843 54875.37013934182 -17290.466167334132 2237.2142025247576 14861.97905280849 -47985.77783334153 -1245.7085504381491 -23235.699894698548 -21022.167504244266 31203.15426286285 -15749.381891639227 2616.302632387625 12948.457235189579 -1476.1214689800627 -8082.896552851652 nan nan nan nan nan nan nan nan nan
2458270.6366 5687.49166468 3220.57882128 nan nan nan nan nan nan nan nan nan nan nan nan nan nan nan nan nan nan nan nan nan nan nan nan nan nan nan nan nan nan nan nan nan nan nan -15576.253357577563 -15514.479736410942 -11149.58465217537 40354.68087235044 12151.310840458442 12385.558578709086 28448.32338977569 -14637.564130971066 -2224.6841573266693 12036.0943541482 -2599.5701356910436 25098.87516405432 -6879.168535123554 7595.027104835743 6957.360835294615 5892.008251751652 156.18036888415494 nan nan nan nan nan nan nan nan nan
2458283.60366 -4171.60277634 4294.37633231 nan nan nan nan nan nan nan nan nan nan nan nan nan nan nan nan nan nan nan nan nan nan nan nan nan nan nan nan nan nan nan nan nan nan nan -17667.55478672409 -26125.61568340402 -16823.51315368281 55017.34620162368 -774.7759889636533 2123.198506721139 -14104.672256894279 -50673.29574740983 -14916.282734437764 -5951.2656326203605 -2239.5512677059037 -2893.3729202841773 -6371.368507686523 -9551.720008505188 1431.6639046540859 -2500.8377015558144 -8262.55339527783 nan nan nan nan nan nan nan nan nan
2458289.5831 -5115.33516226 4233.94483484 nan nan nan nan nan nan nan nan nan nan nan nan nan nan nan nan nan nan nan nan nan nan nan nan nan nan nan nan nan nan nan nan nan nan nan -31922.767604632132 -32743.473670931748 -31906.483432796125 51078.49234216331 -3531.6851707409746 -20760.63562520063 4019.8139579539393 -15792.543094095272 -22084.789586555864 16411.53217048498 -17605.686570230046 -4359.963688654491 -7058.651063577088 -2951.204514429167 -2274.546226413126 -4795.639830725701 -1352.6447935489261 nan nan nan nan nan nan nan nan nan
2458294.57963 -6822.80123211 4035.56601391 nan nan nan nan nan nan nan nan nan nan nan nan nan nan nan nan nan nan nan nan nan nan nan nan nan nan nan nan nan nan nan nan nan nan nan -42160.968959968 -45661.1484905957 -27526.776588401455 50762.30202998189 -858.8594481252104 -11380.805536977141 -11474.64908630312 -13991.52040012842 -18219.893371124443 -14197.33170006147 -11382.409171716537 5821.759204603902 -5378.14030418018 -11384.341884368965 6619.963546231531 -6637.276130635535 -19117.29367400138 nan nan nan nan nan nan nan nan nan
2458300.58262 6573.60107979 3900.07028585 nan nan nan nan nan nan nan nan nan nan nan nan nan nan nan nan nan nan nan nan nan nan nan nan nan nan nan nan nan nan nan nan nan nan nan 33363.49198453611 -5591.673958925385 -406.4497550875348 48852.81578808781 31795.77345329433 7077.541207939778 32425.321973372527 -7810.881047147063 2455.1534261232205 20646.428368660087 3027.702997947986 14182.816856138123 -5715.205625253591 406.9889251535861 1622.3630075202398 -9906.774145138548 5426.107927383985 nan nan nan nan nan nan nan nan nan
2458305.59147 -6304.63644277 4831.63172116 nan nan nan nan nan nan nan nan nan nan nan nan nan nan nan nan nan nan nan nan nan nan nan nan nan nan nan nan nan nan nan nan nan nan nan -33067.56032355687 -32664.794713370255 -29483.392069493333 61708.055187727914 24907.008894978957 -16815.10748307241 -8068.711678037626 -30028.51254941023 -12828.2322437417 -3395.245721740366 -11852.011785790477 -4182.553194547272 -9103.526302153012 -12713.193774720607 -2809.249090179424 -7503.843416171024 -6907.1933271864 nan nan nan nan nan nan nan nan nan
2458313.53304 -4027.47747112 4190.85995265 nan nan nan nan nan nan nan nan nan nan nan nan nan nan nan nan nan nan nan nan nan nan nan nan nan nan nan nan nan nan nan nan nan nan nan -24940.749120813918 -26070.013615415894 -16941.975856904963 48166.39225570225 -4435.146132271465 -6872.372600088833 -19467.9421897916 -33548.735553314225 -4936.140050294879 -16780.409317135778 -5298.616214153503 -12935.23504270822 -21696.585351750826 -4920.213486550929 5279.717628110995 1078.6839592898505 -10801.812338596463 nan nan nan nan nan nan nan nan nan
2458314.47095 -6517.24911619 5116.21092615 nan nan nan nan nan nan nan nan nan nan nan nan nan nan nan nan nan nan nan nan nan nan nan nan nan nan nan nan nan nan nan nan nan nan nan -20934.051492256847 16323.026012005204 -34423.78759512169 67600.79285465607 8645.837616095509 -21831.147317507697 -21017.96256353934 -16880.29312370531 -13419.129009254777 -30342.20860326337 -13664.802187122184 -7955.097371800157 -11259.673046766859 4.385788725738824 -13780.511622551512 -5329.369797242201 -9429.546261652087 nan nan nan nan nan nan nan nan nan
2458315.51234 1661.11948695 6229.34461215 nan nan nan nan nan nan nan nan nan nan nan nan nan nan nan nan nan nan nan nan nan nan nan nan nan nan nan nan nan nan nan nan nan nan nan -28217.648741098412 -50460.22418595797 -27931.097650260013 56186.810598119846 1591.31398893194 -15097.297368298176 21849.819935069074 -17597.153660772135 -5282.314192042497 -17737.86775040753 5873.879000717487 -843.5959995044003 -19803.357897626836 22954.378952390132 -17947.41879740891 261.29834297157913 45823.79493884497 nan nan nan nan nan nan nan nan nan
2458316.51283 -2077.10279772 4507.45776376 nan nan nan nan nan nan nan nan nan nan nan nan nan nan nan nan nan nan nan nan nan nan nan nan nan nan nan nan nan nan nan nan nan nan nan -13399.488832339828 -26305.246336052656 -17239.386031355858 62068.54859910471 21942.817887863468 -19841.846591468453 7205.6470152881 -20148.989908708525 -21481.551137607454 -18734.9381341757 -5412.85314538706 4557.469109652083 -21849.580669988307 -9778.67550165868 5857.332433301311 -1.57928959260013 -2578.1037641584385 nan nan nan nan nan nan nan nan nan
2458317.5415 -2728.7785335 6120.46876505 nan nan nan nan nan nan nan nan nan nan nan nan nan nan nan nan nan nan nan nan nan nan nan nan nan nan nan nan nan nan nan nan nan nan nan -9192.75118743513 -2584.5360616133703 -9271.36962756099 70447.8828416485 37094.15272892136 -33504.362795078065 -66363.68473620414 -6236.40907208936 16961.368102318298 -18829.03880641187 -35327.10375363281 -7991.787646075075 8964.829852553232 -8176.314138515357 15205.878482384116 -16122.289550361656 -11512.527585200687 nan nan nan nan nan nan nan nan nan
2458318.57303 -7488.06113267 5535.91197913 nan nan nan nan nan nan nan nan nan nan nan nan nan nan nan nan nan nan nan nan nan nan nan nan nan nan nan nan nan nan nan nan nan nan nan -29840.679352728555 -17548.36856194668 -23993.18936590379 62915.04094302562 35656.97880148838 13716.99128043572 -25551.424302944648 -48764.44307703673 13685.08869969443 -22445.049530644657 6677.404396877607 -41077.5093089037 -31255.838582789907 3141.6062289416313 -5170.936263281163 -18732.64056544696 -19567.429044544726 nan nan nan nan nan nan nan nan nan
2458321.44252 -2473.83972187 3778.48355966 nan nan nan nan nan nan nan nan nan nan nan nan nan nan nan nan nan nan nan nan nan nan nan nan nan nan nan nan nan nan nan nan nan nan nan -27219.052208046727 -2042.8819744678615 13532.303681237223 26165.138097022176 36841.75085203475 -2365.1822788403488 25427.668321147296 -3527.6167701270792 -18216.78353514859 -27011.159981326866 -18565.526391065363 19805.217018842464 -4180.746218053605 -5349.927666040987 1454.3519084374525 -11784.23478205489 -11337.8188798941 nan nan nan nan nan nan nan nan nan
2458322.43598 5372.91859979 3641.22052549 nan nan nan nan nan nan nan nan nan nan nan nan nan nan nan nan nan nan nan nan nan nan nan nan nan nan nan nan nan nan nan nan nan nan nan 11380.291593282353 18225.064476185013 -3379.3730543151128 44511.83580046226 29144.22805351866 2981.867095027281 14565.625282304767 -8346.359145778468 -6236.973471621958 -13093.984308509082 6917.731543129333 27341.57799523057 -10741.811808220406 1090.7547757105926 3296.549317097577 6948.566084931755 -14552.704071793947 nan nan nan nan nan nan nan nan nan
2458323.49624 -4062.74283503 3322.18495208 nan nan nan nan nan nan nan nan nan nan nan nan nan nan nan nan nan nan nan nan nan nan nan nan nan nan nan nan nan nan nan nan nan nan nan -26563.41160332518 -26016.455166444637 -17138.12262261471 41582.82376007272 15651.042947048867 -17679.607398784214 -18325.286733451412 -17839.07496111846 -4986.071595247096 -13913.34703177297 -8969.460542323339 -6557.706342303107 6834.081411726694 -8679.09385783856 -1969.4911748704517 3551.4554444334294 270.88493532601666 nan nan nan nan nan nan nan nan nan
2458324.48581 6275.93751076 3580.76611995 nan nan nan nan nan nan nan nan nan nan nan nan nan nan nan nan nan nan nan nan nan nan nan nan nan nan nan nan nan nan nan nan nan nan nan -7198.285187151423 -6365.102711598619 7326.291489918055 46156.05421411784 32741.571712641828 2440.4363072097785 8315.450725946563 -6212.92241505059 6725.213748690091 669.5863139609578 -2309.822970696769 2044.1151874853763 2865.04206292457 15161.867691525144 -4770.043785698332 2031.0387170140402 -609.7710828786428 nan nan nan nan nan nan nan nan nan
2458329.46946 -4418.03329747 3018.75467223 nan nan nan nan nan nan nan nan nan nan nan nan nan nan nan nan nan nan nan nan nan nan nan nan nan nan nan nan nan nan nan nan nan nan nan -17474.486182248427 -17955.027536299604 -24052.832919506964 39926.75086517298 10785.564513556275 -26601.23995799884 9560.50164277653 -13409.677785016565 -5281.046262281274 -5569.853022884189 -9484.620984856934 -9139.674496006613 -10070.518663348143 -4167.610765744636 -1124.6521118356657 -1049.6759288020985 -4817.484328657001 nan nan nan nan nan nan nan nan nan
2458331.49059 -2280.33272283 4060.82680808 nan nan nan nan nan nan nan nan nan nan nan nan nan nan nan nan nan nan nan nan nan nan nan nan nan nan nan nan nan nan nan nan nan nan nan 22992.232980309054 -7910.315949338241 -12484.38323375645 49501.28102536029 11830.04387903239 -33819.6990718066 -12588.894377017066 -7370.262424516144 23338.10616487505 5757.237018329777 -13313.474348373658 6317.290938643548 5192.519425757886 -15665.092012997884 39.99239873411466 -1308.8177865907078 -21159.68416089054 nan nan nan nan nan nan nan nan nan
2458332.4713 -7268.68903789 3241.95743779 nan nan nan nan nan nan nan nan nan nan nan nan nan nan nan nan nan nan nan nan nan nan nan nan nan nan nan nan nan nan nan nan nan nan nan -21297.95129250983 -25256.66667772611 -13259.835835071139 38291.49066109207 -8919.975093207511 -11800.223073059862 -4073.7520229444203 -29245.870710867144 -3527.1596422954462 -14344.58631481705 -19745.069521355257 -2457.5785469684906 -22197.93949333827 -2756.5494175627273 -3144.2094449610768 -580.7733237818028 -14082.790562849194 nan nan nan nan nan nan nan nan nan
2458334.45825 -11439.7823604 2727.87435583 nan nan nan nan nan nan nan nan nan nan nan nan nan nan nan nan nan nan nan nan nan nan nan nan nan nan nan nan nan nan nan nan nan nan nan -33122.31121786975 -43410.95695264421 -12952.75386008427 16672.286313866294 18606.42176779243 -13969.085995541165 -36571.083990795356 -17949.924597421235 -12072.065716799947 -25098.840170885993 -16302.301601212932 -14398.847174446995 -15154.142608841226 -3776.9041726383057 -7522.646327161398 -8874.398058132852 -16783.613581116344 nan nan nan nan nan nan nan nan nan
2458335.46756 -10645.8639321 3449.32086695 nan nan nan nan nan nan nan nan nan nan nan nan nan nan nan nan nan nan nan nan nan nan nan nan nan nan nan nan nan nan nan nan nan nan nan -16701.417369927778 -51755.88246485932 -8683.176016353073 24692.781418301536 18237.596824081767 -31106.513603541272 -27408.589901722047 -29162.287287397783 1675.161453581533 -26369.612683003208 -5165.347554096052 -22607.311324194707 -14972.32955730484 -2295.2791810898425 -10316.36631888791 -12359.754124606978 -4824.111943868384 nan nan nan nan nan nan nan nan nan
2458336.40158 -10919.940366 3714.03753985 nan nan nan nan nan nan nan nan nan nan nan nan nan nan nan nan nan nan nan nan nan nan nan nan nan nan nan nan nan nan nan nan nan nan nan -1025.145292177399 -19303.179468629158 -22826.219987159042 28971.29885260452 14350.089869496212 -28709.413702081045 -37580.64186740987 -31636.858038576644 -2079.440514820319 -5655.208061919017 -27792.311557018245 -35662.85398311358 1696.769713678279 -1330.5704539962082 -3677.2831856605844 -15256.05704293722 -24085.933961630035 nan nan nan nan nan nan nan nan nan
2458336.49091 -11707.9839571 2755.0010234 nan nan nan nan nan nan nan nan nan nan nan nan nan nan nan nan nan nan nan nan nan nan nan nan nan nan nan nan nan nan nan nan nan nan nan -26323.298070024215 -26906.508943980898 -18473.293022838487 29786.914254948693 8487.374732429602 -31345.38133578602 -13828.694951651709 -22620.96327315405 -7791.172344361815 -18115.53271413192 -16030.738708170344 -22748.79252125806 -1188.7483656860372 -6142.4636344861665 -8528.95040385344 -16883.828789565123 -18503.362021733985 nan nan nan nan nan nan nan nan nan
2458336.58234 -7518.63154012 3721.97830325 nan nan nan nan nan nan nan nan nan nan nan nan nan nan nan nan nan nan nan nan nan nan nan nan nan nan nan nan nan nan nan nan nan nan nan -38006.06258287666 -35561.39982176058 -31541.09735681578 30233.693558419312 22708.681216603592 8.53067597884711 -25212.805128570322 -4933.819121903402 -11230.755890911129 -21547.721693027976 -22940.481323352673 855.6887893836773 -21232.715317517235 6559.422373220957 -1562.54544329091 -11554.15839495006 -6437.779410024519 nan nan nan nan nan nan nan nan nan
2458337.35604 -13617.3590963 3947.31979106 nan nan nan nan nan nan nan nan nan nan nan nan nan nan nan nan nan nan nan nan nan nan nan nan nan nan nan nan nan nan nan nan nan nan nan -16045.437686310588 -35764.252838235145 -10107.057734768927 41394.257474561084 -2590.673855185655 -14086.957940373679 -23424.38859589193 -29954.151757102092 -13290.514371574782 -31451.671487476106 -27120.272550946884 -38074.78467056644 -20132.9099426453 -779.0547487537875 -8397.724071785318 -16486.08517550276 -24760.02356119253 nan nan nan nan nan nan nan nan nan
2458337.41117 -12007.163247 2926.80224141 nan nan nan nan nan nan nan nan nan nan nan nan nan nan nan nan nan nan nan nan nan nan nan nan nan nan nan nan nan nan nan nan nan nan nan -34678.34126978912 -20659.68390564257 -15640.353369139024 26208.874180048908 12570.68303976159 1706.8314392410352 -13175.254470478043 -17031.04295701444 -9644.639759147743 -22577.265829800803 -20507.381710073623 -19441.84925918337 -28687.1070729092 -2759.0423411672564 -12332.9689095046 -17101.36295525443 -14424.218865434075 nan nan nan nan nan nan nan nan nan
2458337.51906 -13415.3784924 3653.30920308 nan nan nan nan nan nan nan nan nan nan nan nan nan nan nan nan nan nan nan nan nan nan nan nan nan nan nan nan nan nan nan nan nan nan nan -6722.191042533338 -41713.5321249234 -23468.225002463256 41357.13197601715 18290.715271251378 -29899.55219568265 -21313.71481269185 -24995.037298812746 4137.447741747778 -23686.580263329954 -17183.478913934352 -21317.485639524628 -28297.642484103937 -11125.257168034686 -10746.852694270125 -15701.016757256593 -15279.255465014749 nan nan nan nan nan nan nan nan nan
2458337.6023 -14057.4366804 3625.72901138 nan nan nan nan nan nan nan nan nan nan nan nan nan nan nan nan nan nan nan nan nan nan nan nan nan nan nan nan nan nan nan nan nan nan nan -43466.3935708185 -40492.24058779103 -9517.407565485797 39162.914957006964 -13128.106992763469 -30206.02565305779 -32929.89153059273 -24331.058298526754 5737.2644799389545 -14935.66685611469 -24720.705742355276 -15169.478873088898 -34006.672769747165 -6988.5828517932005 -13953.463379955909 -5776.406735035877 -12067.873585034378 nan nan nan nan nan nan nan nan nan
2458338.46275 -15107.8222769 3283.88283789 nan nan nan nan nan nan nan nan nan nan nan nan nan nan nan nan nan nan nan nan nan nan nan nan nan nan nan nan nan nan nan nan nan nan nan -17676.58097175786 -13793.05243734168 -25577.257663870143 17264.242482290472 14985.851318886196 -57926.84706319751 -45193.14071920949 -18090.22759488222 1008.2890103552893 -24156.775557135465 -21552.95313952081 -21205.35840616088 -16937.131630892036 -14663.856444412908 -12714.466498109972 -11019.869518015399 -8692.530729165968 nan nan nan nan nan nan nan nan nan
2458338.53551 -11401.6438822 2687.34701297 nan nan nan nan nan nan nan nan nan nan nan nan nan nan nan nan nan nan nan nan nan nan nan nan nan nan nan nan nan nan nan nan nan nan nan -25713.06577198418 -37380.02558366174 -18461.593005073355 19711.788788910944 9819.658899501379 -30981.7394488667 -17659.77624335337 -20249.61491217855 -3117.3607320637243 -21631.412897290476 -4211.84334228874 -2997.578853503615 -17754.96951676432 -11908.292453712531 -7505.423453076095 -17878.512783127928 -2619.738227615682 nan nan nan nan nan nan nan nan nan
2458338.60373 583.721611625 6963.69840702 nan nan nan nan nan nan nan nan nan nan nan nan nan nan nan nan nan nan nan nan nan nan nan nan nan nan nan nan nan nan nan nan nan nan nan -25222.844991869344 67.7876587020555 29977.393222410657 57908.94503777389 41401.98939934273 -59338.237212953914 -48682.10724331818 -45059.65869790284 39697.70962862166 -65510.885372735145 1395.6595644479048 -32121.70905395788 -18363.862159626686 9592.06880345224 3918.5186253911197 20240.053082546212 -3329.394651426922 nan nan nan nan nan nan nan nan nan
2458339.45674 -11115.5152653 2951.01406872 nan nan nan nan nan nan nan nan nan nan nan nan nan nan nan nan nan nan nan nan nan nan nan nan nan nan nan nan nan nan nan nan nan nan nan -13432.273733240127 -59935.085230059645 -19254.733177505303 9110.37887095233 -1690.2437579191806 -28364.917826060948 -1983.1374251255916 -28600.329933371988 10678.457530095317 -12779.245280425583 -15945.78807840269 -6549.797574940313 -3911.9720454148323 -3484.2115339626553 -11529.37784098217 -8153.239767892842 -18223.275516619447 nan nan nan nan nan nan nan nan nan
2458339.56038 -10801.9282405 2955.07754642 nan nan nan nan nan nan nan nan nan nan nan nan nan nan nan nan nan nan nan nan nan nan nan nan nan nan nan nan nan nan nan nan nan nan nan -18770.031863498927 -15064.209975252767 -10635.242912786713 11911.696476017054 18500.73249342778 -32450.85041383753 -20701.78514521238 -33403.34481541886 9393.557339763487 -20443.798086449016 -21667.252165377256 -8392.367942648567 -7741.624530674248 1157.2179922523135 -9263.077058792971 -16696.459024887492 -21938.728402807537 nan nan nan nan nan nan nan nan nan
2458340.38975 -9168.1407452 2915.85025483 nan nan nan nan nan nan nan nan nan nan nan nan nan nan nan nan nan nan nan nan nan nan nan nan nan nan nan nan nan nan nan nan nan nan nan -27559.41969001177 -46366.47403242902 -20877.647069416653 35131.74506968268 -13927.14388680045 -22495.404327436514 -8188.091094613677 -16279.020758699431 3037.9396380175276 -13430.685369575147 -13093.181832830278 -3329.5330793797357 -3738.633477697449 -2919.8686538355805 -7205.506241380353 -10187.953734047474 -14289.453661074003 nan nan nan nan nan nan nan nan nan
2458341.53081 -9251.21535602 2726.22382544 nan nan nan nan nan nan nan nan nan nan nan nan nan nan nan nan nan nan nan nan nan nan nan nan nan nan nan nan nan nan nan nan nan nan nan -38587.63889514249 -37792.82413074552 -11348.834809190954 16767.92752689306 12870.870325721504 -36882.546625655494 -13152.73057573513 -22496.834249391082 -6671.8709968297935 -12218.297520360336 -13269.7369163534 -2322.301517117776 -10835.92562479906 -5164.400113854213 -2329.4237808922 -10316.20644494152 -17584.325371404786 nan nan nan nan nan nan nan nan nan
2458342.44247 -11323.6097194 2844.24058356 nan nan nan nan nan nan nan nan nan nan nan nan nan nan nan nan nan nan nan nan nan nan nan nan nan nan nan nan nan nan nan nan nan nan nan -33352.827389525904 -36857.66866989545 -31479.458143830474 23631.07251352708 7585.775925501511 -18711.37401471663 -16847.869758369976 -21832.67236105907 -10400.780877842422 -6414.634562009696 -6317.507685617633 -5653.334067045508 -6248.850712226486 -6984.384242081266 -11897.86538143688 -7319.11913425958 -28946.85935074134 nan nan nan nan nan nan nan nan nan
2458343.44362 -9297.26764673 3485.0877067 nan nan nan nan nan nan nan nan nan nan nan nan nan nan nan nan nan nan nan nan nan nan nan nan nan nan nan nan nan nan nan nan nan nan nan -23489.44172582446 -46382.95439702476 -10474.792808357095 41562.01692313561 10713.401160724598 -12021.012452538922 -29361.51433346788 -17910.884316879787 11334.931204618628 -24241.025788956023 -7555.320617799634 5598.3386288704705 -16050.417977186633 -13376.358249968605 -5135.172037914686 -13848.164391261937 -9504.324838275967 nan nan nan nan nan nan nan nan nan
2458344.43984 -5190.8824985 2902.34951115 nan nan nan nan nan nan nan nan nan nan nan nan nan nan nan nan nan nan nan nan nan nan nan nan nan nan nan nan nan nan nan nan nan nan nan -21116.00600405821 -25233.180676213215 -9236.207403617454 38952.02031030253 12562.46922317495 -26315.91034791288 -26696.86395641476 -17752.37831489382 429.77756827080464 -9830.792495505646 -14893.567147723414 1741.7060270580942 -379.4324525212404 -3254.6787667886288 -2642.894536959994 -2843.248395432821 -6830.827576556861 nan nan nan nan nan nan nan nan nan
2458345.42932 -13214.8505519 2654.40162919 nan nan nan nan nan nan nan nan nan nan nan nan nan nan nan nan nan nan nan nan nan nan nan nan nan nan nan nan nan nan nan nan nan nan nan -29522.428990519005 -36272.11298964292 -17075.61595673387 18887.22789673115 -2186.7494124279615 -1480.4063539870917 -5300.867279196669 -14846.135269372211 1212.2651259832576 -23772.170673627188 -24399.0255429541 -8867.474475233284 -29467.4944139054 -17389.891591383566 -11127.450730370661 -8562.589263389249 -3399.715814816834 nan nan nan nan nan nan nan nan nan
2458346.43425 -10500.5508544 3354.23179229 nan nan nan nan nan nan nan nan nan nan nan nan nan nan nan nan nan nan nan nan nan nan nan nan nan nan nan nan nan nan nan nan nan nan nan -17766.152715060107 -47457.35559230143 -27104.39749167082 31819.386508390104 5258.398843673868 -23084.208067287076 -4462.139917247583 -20073.680672764785 -10228.2906905571 -31621.012305944456 -17511.032004117853 -16765.504581758716 -15680.585310047234 -7410.358639882114 635.994834200469 -8338.9999954498 -10998.811393803204 nan nan nan nan nan nan nan nan nan
2458348.41609 -9016.58972678 2765.08167622 nan nan nan nan nan nan nan nan nan nan nan nan nan nan nan nan nan nan nan nan nan nan nan nan nan nan nan nan nan nan nan nan nan nan nan -13948.8048562982 -31221.35267870027 -11259.839879150193 24988.57620803343 16393.048012713305 -7261.569566916303 -12461.421119846033 -21995.708870766153 5532.581936807838 -10950.367703024172 -22779.982609511695 -6639.749307102517 -10206.421384352372 -6502.750050219795 -2875.8067171757034 -17711.050512243233 -18294.177403585487 nan nan nan nan nan nan nan nan nan
2458349.57192 -11286.7222171 3744.49924027 nan nan nan nan nan nan nan nan nan nan nan nan nan nan nan nan nan nan nan nan nan nan nan nan nan nan nan nan nan nan nan nan nan nan nan -18718.581093978206 -39882.805823371105 2644.6262095877587 43774.88569198276 -3595.554080288295 -31386.995714678862 -8796.271399143285 -13404.762026229366 -6281.664613092011 -29214.235142344598 -8436.682111868206 -9482.097430805494 -8488.66797075074 -10681.834786570118 -2018.2194752829762 -28601.905298664755 -31368.20716808134 nan nan nan nan nan nan nan nan nan
2458350.44196 -3297.91958794 2423.69355965 nan nan nan nan nan nan nan nan nan nan nan nan nan nan nan nan nan nan nan nan nan nan nan nan nan nan nan nan nan nan nan nan nan nan nan -17673.240423142917 -20312.691604938213 4088.5383640853493 30810.150210704047 -5423.573924183078 -14805.888907436583 -22502.36106078924 -3165.844811356395 5920.92347900384 -12544.666256556466 -13858.375008815801 -4817.109715380043 -1171.4154693532803 -4944.717920742211 2485.1987298352283 -2088.7297630437406 -3209.7736062638364 nan nan nan nan nan nan nan nan nan
2458351.41788 -4814.31627239 3133.25603507 nan nan nan nan nan nan nan nan nan nan nan nan nan nan nan nan nan nan nan nan nan nan nan nan nan nan nan nan nan nan nan nan nan nan nan 12224.476586558569 -29628.3919999262 421.2669686574467 16929.06964433839 -16016.209949773604 -12250.904038712993 -23332.139068110107 -6940.540629634531 12193.195273848336 -35083.23058485967 16723.03473152989 -2373.123090284384 -5733.415348641265 155.3807238879674 -4415.841509056474 -14940.985929756229 -5349.296642140035 nan nan nan nan nan nan nan nan nan
2458361.38496 -7075.23176559 2497.16395722 nan nan nan nan nan nan nan nan nan nan nan nan nan nan nan nan nan nan nan nan nan nan nan nan nan nan nan nan nan nan nan nan nan nan nan -26618.919195243732 -17833.806951440005 -72.80711814735729 33398.08334793511 6393.519844041649 -29293.179406285308 -4906.565827361047 -9430.69699670557 -11034.285592632003 -19992.149836793895 -2572.7112496700756 -3854.810616707109 -9955.085722699736 -9710.792477167328 -4653.747652004938 -7453.786051582547 -10280.535667220904 nan nan nan nan nan nan nan nan nan
2458375.41266 -6051.80698423 4836.03129541 nan nan nan nan nan nan nan nan nan nan nan nan nan nan nan nan nan nan nan nan nan nan nan nan nan nan nan nan nan nan nan nan nan nan nan -10688.271621208716 -59647.98045885757 -27660.258256582078 18735.17641909805 -7818.327190668614 -38044.55119848746 -59700.005911630375 -31043.471766474664 21708.534209807098 -30261.154174820796 19126.2693943871 16055.656245687029 516.5561540580887 -310.10010224316903 -11891.598413342817 3208.353188629267 3831.4354597506667 nan nan nan nan nan nan nan nan nan
2458382.35142 -3252.30904934 3123.73367251 nan nan nan nan nan nan nan nan nan nan nan nan nan nan nan nan nan nan nan nan nan nan nan nan nan nan nan nan nan nan nan nan nan nan nan -19539.092535230273 -24047.58597533429 -11985.527027609089 46215.68947943822 8769.033551452467 3331.1311454524 -25195.052569763917 -20115.06745390678 -4575.283160596704 -3554.501460012387 153.37143987636583 742.5459513647045 -18172.302554525213 -5045.349858273167 -1946.2833914430448 3362.9262633882386 -23.169957775134755 nan nan nan nan nan nan nan nan nan
2458390.33102 -7718.77164985 3404.85395336 nan nan nan nan nan nan nan nan nan nan nan nan nan nan nan nan nan nan nan nan nan nan nan nan nan nan nan nan nan nan nan nan nan nan nan 8462.805800800354 -16466.702386254176 -25165.172610668524 34534.64059085954 -864.4941350049364 -32892.066845156965 -21244.321849243046 -17151.422487747117 -9021.81301627093 -1752.8249696344715 13108.862235891595 16267.230130249647 -8017.446763260949 -12931.402609518065 -17922.14094239897 825.2376273872314 -10746.72681879362 nan nan nan nan nan nan nan nan nan
2458398.29777 -5702.98550649 2895.80875742 nan nan nan nan nan nan nan nan nan nan nan nan nan nan nan nan nan nan nan nan nan nan nan nan nan nan nan nan nan nan nan nan nan nan nan -4346.000389322062 -38161.277838256836 -6534.080371209389 44478.05886437021 -11058.15916842677 -3047.076774929956 -14642.276548131387 -20369.495815720496 3542.2719102833116 -17254.604199364574 -253.43926682180575 -7598.176607710892 -5358.742754169545 -6158.105527566652 -3486.104415897939 -11235.099878468012 8589.81405541237 nan nan nan nan nan nan nan nan nan
2458409.28519 -8008.76510811 3906.15184307 nan nan nan nan nan nan nan nan nan nan nan nan nan nan nan nan nan nan nan nan nan nan nan nan nan nan nan nan nan nan nan nan nan nan nan -13858.886141019086 -39506.49372642126 -13297.549321770375 74364.74439718098 -11021.467879423528 -16764.32197582447 -10927.56116491657 -5442.365324497165 -12073.440415891302 -13029.890846917915 5008.2183727771035 -8269.252609401254 -20501.172111483596 -16346.65235508423 -8047.777317872646 2523.2953124473406 -12774.541641559286 nan nan nan nan nan nan nan nan nan
2458427.28215 3079.26111681 4645.47260471 nan nan nan nan nan nan nan nan nan nan nan nan nan nan nan nan nan nan nan nan nan nan nan nan nan nan nan nan nan nan nan nan nan nan nan -14793.221364745068 -75994.45344164092 -26110.19569483502 40438.55419561574 -13350.632186443658 -17313.737652849773 -11918.250865785849 549.3978897698967 10877.004456136685 699.951475875127 -1983.5130363384085 18950.587548258965 -4290.744770990557 6243.430334287485 20431.644995360217 11098.24796723742 -10701.022885062159 nan nan nan nan nan nan nan nan nan
2458434.27627 -4048.37901401 3080.68801542 nan nan nan nan nan nan nan nan nan nan nan nan nan nan nan nan nan nan nan nan nan nan nan nan nan nan nan nan nan nan nan nan nan nan nan -22586.45181670213 -51734.01112516537 -8601.420191702748 22729.709419785406 -3047.853890990906 -25672.424070480778 -14907.945010421634 6394.691184975963 10038.336516959129 268.2479311133865 3595.335195352817 1456.8218009442562 15196.79331713602 -10261.41826908319 -2829.1077857213563 -9832.22625911902 672.7235305434256 nan nan nan nan nan nan nan nan nan
2458451.27182 -3587.09448133 3345.27446795 nan nan nan nan nan nan nan nan nan nan nan nan nan nan nan nan nan nan nan nan nan nan nan nan nan nan nan nan nan nan nan nan nan nan nan -24400.31295611286 -20411.910207405403 -3358.6762012053196 42589.78211049164 5052.237419709585 -2222.3366766327003 -25372.370465068696 -2339.134401880462 -6587.194881715274 -11745.450954032147 11106.607556160008 -24130.70435033819 -9929.540791271076 -265.671333302535 -12380.673176005037 -3928.529362138716 20630.699070345145 nan nan nan nan nan nan nan nan nan
2458546.72865 9570.35251565 3923.08407874 nan nan nan nan nan nan nan nan nan nan nan nan nan nan nan nan nan nan nan nan nan nan nan nan nan nan nan nan nan nan nan nan nan nan nan 4154.864525918574 25248.018437249186 -4789.407300378973 44357.96117092576 34843.194453945915 29301.33928753778 59247.57574942102 -6972.4639895701375 -15636.360849754206 5199.738326917908 -7537.479928489767 21828.147671457587 17514.523142553593 815.6570026326993 12018.142898525297 5471.012321519589 -2540.4463971265545 nan nan nan nan nan nan nan nan nan
2458556.71856 7821.18632057 5260.51354592 nan nan nan nan nan nan nan nan nan nan nan nan nan nan nan nan nan nan nan nan nan nan nan nan nan nan nan nan nan nan nan nan nan nan nan 44947.7851433258 27195.01284549745 36661.518528721084 42345.44675547757 -32557.79705923004 -3500.5319788485317 87114.5691921233 10558.0519777291 -33503.23207845555 2990.4170475485957 -1407.067588101626 3941.258890404474 -6142.161928800818 -5566.115773254548 13719.89840416897 3049.4167872390776 168.33904210017656 nan nan nan nan nan nan nan nan nan
2458570.70072 13848.5418358 7120.28115217 nan nan nan nan nan nan nan nan nan nan nan nan nan nan nan nan nan nan nan nan nan nan nan nan nan nan nan nan nan nan nan nan nan nan nan 44946.25672364116 13530.202910537204 -184.22164054928479 23168.487049559197 43402.587192410014 75728.78147140334 158661.66543089892 -1686.4509676177788 -31378.133678732374 1684.9149769214982 -12025.171893035247 39597.5441656612 6294.468981923444 -9202.464285910632 14640.856202165818 10813.941236228657 55441.36562359089 nan nan nan nan nan nan nan nan nan
2458597.66396 3637.69560549 9762.11198993 nan nan nan nan nan nan nan nan nan nan nan nan nan nan nan nan nan nan nan nan nan nan nan nan nan nan nan nan nan nan nan nan nan nan nan 63666.055420341036 6477.063345835481 -50469.09280560326 6073.683661972586 38879.18838688035 58520.234344840974 83688.92712849405 -101076.62727911436 -9662.216057573163 20882.898853939725 -35938.7486879241 44273.93958336301 8872.60917462765 -38640.86412656822 26979.469271597274 13781.296389727157 49919.25584078697 nan nan nan nan nan nan nan nan nan
2458604.60783 -5302.55653998 3398.89717238 nan nan nan nan nan nan nan nan nan nan nan nan nan nan nan nan nan nan nan nan nan nan nan nan nan nan nan nan nan nan nan nan nan nan nan -20018.78180446438 -34188.15714007471 -18253.78454173357 36767.03653810988 7060.951672939679 -1981.5686050224347 -5960.002379563919 -26215.376159434087 -27281.01258151171 -2250.0304901553745 -6297.770825546019 -15648.25527757227 -15683.192500735182 2714.003296929125 2417.2970870667064 -12071.582907571606 -9420.75387670236 nan nan nan nan nan nan nan nan nan
2458614.61491 -6337.320703 3234.52146489 nan nan nan nan nan nan nan nan nan nan nan nan nan nan nan nan nan nan nan nan nan nan nan nan nan nan nan nan nan nan nan nan nan nan nan -27549.792330310895 -31860.574448004165 -23781.164071163217 27618.1114124928 -16269.508510815818 -2324.8893115617834 16258.294260651368 -13393.930351957355 -13420.918509987376 3095.9532902339747 -13854.449826482294 -3098.3900478167293 -22922.820490091166 -15341.243911222273 3783.9927642450994 -680.7881127275821 -5353.674081924187 nan nan nan nan nan nan nan nan nan
2458626.60144 3026.38264003 3329.49282088 nan nan nan nan nan nan nan nan nan nan nan nan nan nan nan nan nan nan nan nan nan nan nan nan nan nan nan nan nan nan nan nan nan nan nan 3100.927495237669 -5194.703573866757 -16923.72572256915 46368.66062279157 13015.72395844066 2894.0930679428416 9767.511456684524 -17187.485711340643 -10236.109931006136 16500.080222013818 2494.527875149262 13003.976252935605 -7644.630803120603 -8583.270640424522 7702.3442289285895 4458.771453315033 -1267.3304755515082 nan nan nan nan nan nan nan nan nan
2458636.61481 44.299884129 3647.87092123 nan nan nan nan nan nan nan nan nan nan nan nan nan nan nan nan nan nan nan nan nan nan nan nan nan nan nan nan nan nan nan nan nan nan nan -20025.24137870972 -20548.92178346271 -18071.735986913976 55249.23062304663 -25886.049688808725 -1647.4870658624059 9522.05855679254 -8678.546520965809 -10754.379987929633 -9036.456775355582 -8644.47864985746 9849.366271005738 2347.468786679688 2022.5427646815067 8079.642941109928 1622.3521292874436 -6790.3587422978135 nan nan nan nan nan nan nan nan nan
2458643.62104 -1185.23329565 4282.74253024 nan nan nan nan nan nan nan nan nan nan nan nan nan nan nan nan nan nan nan nan nan nan nan nan nan nan nan nan nan nan nan nan nan nan nan -42740.95529328236 -24430.65004988779 -32296.103208842866 42601.36075948348 3068.1513516762034 -6840.655744327522 36268.71452662145 -28206.95057333667 7215.274354394684 8371.555602065708 7062.108512638384 -13353.80250054287 -6232.185097215635 -3147.5689706729377 1608.6607072883694 8125.5244141366575 -25017.468131982012 nan nan nan nan nan nan nan nan nan
2458655.58308 2113.3498111 4001.16460804 nan nan nan nan nan nan nan nan nan nan nan nan nan nan nan nan nan nan nan nan nan nan nan nan nan nan nan nan nan nan nan nan nan nan nan 258.5809669916663 -11915.50551313816 -7993.546068317281 44749.07101170159 11308.455882735301 9379.00237215793 7900.504090299121 -35376.428213068415 -19956.521702164395 -2449.3227867409387 -3108.5551791077587 -12081.311240238165 -3889.171298924183 -7381.374460233751 8944.797633214232 16976.661629506056 -3780.8661109147984 nan nan nan nan nan nan nan nan nan
2458663.56982 -2381.25485497 2451.87580623 nan nan nan nan nan nan nan nan nan nan nan nan nan nan nan nan nan nan nan nan nan nan nan nan nan nan nan nan nan nan nan nan nan nan nan 5482.745290530152 -19673.600528537514 -12966.519139342878 23876.071558614112 -1435.480072037849 -22600.376749973828 12934.133539601706 -24328.2920608815 62.86232470895249 -7265.652121010519 -23.05011288685117 -6146.49945514767 -7352.841760656723 -3122.1394807750216 3234.520920204874 -2799.1817795776124 -7621.204012962857 nan nan nan nan nan nan nan nan nan
2458678.52712 145027.817402 25917.8009649 nan nan nan nan nan nan nan nan nan nan nan nan nan nan nan nan nan nan nan nan nan nan nan nan nan nan nan nan nan nan nan nan nan nan nan 230438.17947956495 229906.3418025557 206449.62190906526 -19220.077752793495 128964.77809314677 169136.7024400785 201696.2882042936 181614.82779005173 125366.7173290606 215147.17498750117 196746.05637418336 282591.457703181 257419.29527957484 252333.3176051375 266757.9389881738 194903.24783110045 207505.4030480017 nan nan nan nan nan nan nan nan nan
2458687.53559 -229.781948935 3956.00434287 nan nan nan nan nan nan nan nan nan nan nan nan nan nan nan nan nan nan nan nan nan nan nan nan nan nan nan nan nan nan nan nan nan nan nan -370.1901762271211 30250.26974779772 -5911.264277203704 38940.26193940527 38958.101236441 -2495.6857027829983 24558.902212892306 -10808.066598088904 16995.65748963124 -16617.85973896386 1897.853488189521 -25956.937050742472 -6912.913704256243 3621.1577282626713 -4290.808583649138 -14426.839935354204 -9632.88370829085 nan nan nan nan nan nan nan nan nan
2458694.47656 -3303.98018027 4447.85642314 nan nan nan nan nan nan nan nan nan nan nan nan nan nan nan nan nan nan nan nan nan nan nan nan nan nan nan nan nan nan nan nan nan nan nan 18355.833060009645 -6056.011720241929 -2920.6882259939566 60397.67413768983 -9261.592327367842 -10851.20870475792 -17909.55158927461 -28917.565833109868 13701.771223592088 -31991.741023627343 152.64675130659558 1847.1452090506766 -14541.379710521855 -9002.309862337277 -12782.09869149086 9327.921961223368 1284.828696447502 nan nan nan nan nan nan nan nan nan
2458701.45416 -8219.7629412 2417.67886247 nan nan nan nan nan nan nan nan nan nan nan nan nan nan nan nan nan nan nan nan nan nan nan nan nan nan nan nan nan nan nan nan nan nan nan 3443.8543670634695 -26661.20488916659 8249.321881300924 14973.881700347887 -682.433123481014 -20570.80866434373 -7758.090282324597 4457.864381328782 -19186.528166446078 -27097.914257560904 -11630.397024271102 -19134.049957417807 -14426.977657112378 -2253.344415389246 -6731.475511080122 -14344.193853530216 -4729.7138302603225 nan nan nan nan nan nan nan nan nan
2458708.42839 -1879.70963965 2497.91072747 nan nan nan nan nan nan nan nan nan nan nan nan nan nan nan nan nan nan nan nan nan nan nan nan nan nan nan nan nan nan nan nan nan nan nan 2327.038518222679 -13910.145413016893 -93.72882619514039 26865.04563206997 5067.2556360789495 -6760.882144830591 10420.978009885202 623.1024501975925 15798.477814895465 -18330.549204803807 -10389.080818097493 -5364.912634078931 -4881.576831994247 3387.0836532475164 -4766.639645066501 -10021.21899309082 -7932.630864408193 nan nan nan nan nan nan nan nan nan
2458715.41349 -6323.69480084 2887.01002276 nan nan nan nan nan nan nan nan nan nan nan nan nan nan nan nan nan nan nan nan nan nan nan nan nan nan nan nan nan nan nan nan nan nan nan -30614.664347926806 -20303.567998319577 -12528.149234949798 35286.12769801307 256.05237989142665 -12313.867697343274 1708.6009907867965 -5828.0491731495185 7704.180071111262 -28608.678599072515 1537.9038744462273 -24631.89607124738 -4809.374297984863 -8680.26951485428 -3260.5981143280756 -1777.9043608830198 -15509.172098318133 nan nan nan nan nan nan nan nan nan
2458723.40603 -7438.07710487 2308.64089209 nan nan nan nan nan nan nan nan nan nan nan nan nan nan nan nan nan nan nan nan nan nan nan nan nan nan nan nan nan nan nan nan nan nan nan -11002.625570434973 -18726.622026291905 -19308.214777364155 19475.170271613075 -18101.08949045085 -18843.662554651404 -15747.241199750586 -7107.906340666292 8421.453869416648 -29319.197013286455 669.2201502965523 -6911.154688468738 -17199.427035375196 -3029.584980635916 -4279.33030646626 -8205.935199670994 -5742.725908086069 nan nan nan nan nan nan nan nan nan
2458731.48833 -11472.9428523 3038.10409565 nan nan nan nan nan nan nan nan nan nan nan nan nan nan nan nan nan nan nan nan nan nan nan nan nan nan nan nan nan nan nan nan nan nan nan -632.7892081426791 -8103.951578351643 -81.19666841361087 20737.173621058966 13258.284933841605 -5994.290249556197 -12682.055910026702 -14644.074769231294 -14913.096164182585 -10653.446383898143 -11547.917867447159 11813.721106655557 -42775.45415684591 -23154.41187294092 -6669.473233201513 -12067.416340805577 -19429.702436410513 nan nan nan nan nan nan nan nan nan
2458743.33664 -3709.13510454 1821.25959389 nan nan nan nan nan nan nan nan nan nan nan nan nan nan nan nan nan nan nan nan nan nan nan nan nan nan nan nan nan nan nan nan nan nan nan -3825.028910310422 -14603.087784810972 -2475.6759200037163 20054.42681451845 -11240.644279764221 -7216.948176532963 -404.52738010498337 -14019.846184648568 -897.0994526821737 -156.00198087010267 -10702.330791447534 1880.8243252475952 -16113.68466160772 -3256.5271340179597 -4309.396481561276 6093.345889134211 -3864.4471855999514 nan nan nan nan nan nan nan nan nan
2458755.35872 -11968.3281143 4396.10258477 nan nan nan nan nan nan nan nan nan nan nan nan nan nan nan nan nan nan nan nan nan nan nan nan nan nan nan nan nan nan nan nan nan nan nan -19319.56500289185 -59314.23105648141 -10185.001054902712 52689.131656703285 -42112.81803610008 -14417.679408101809 -26654.020875673927 -3370.1516169641 12971.001909087565 -35201.62729051378 3068.9023694911934 -36794.93476029241 -26757.263270829993 -7250.307647159629 -10122.578162592676 -3506.2439331651076 -17165.39653652332 nan nan nan nan nan nan nan nan nan
2458762.40081 -3357.32608926 3405.14012675 nan nan nan nan nan nan nan nan nan nan nan nan nan nan nan nan nan nan nan nan nan nan nan nan nan nan nan nan nan nan nan nan nan nan nan -7717.104276335921 -5561.924620349357 -14152.187124407614 61891.03097058559 -20561.53294915143 -23808.279402053002 3388.21825878882 2483.9291799231755 17567.08239065623 -16293.660676718684 -40.847913147709804 -2845.662284237348 -12925.293998166348 -3795.5539587427443 -9315.111544199504 4166.510580153417 1325.885730447889 nan nan nan nan nan nan nan nan nan
2458772.30656 8161.77671497 4129.08291367 nan nan nan nan nan nan nan nan nan nan nan nan nan nan nan nan nan nan nan nan nan nan nan nan nan nan nan nan nan nan nan nan nan nan nan -18119.52940529568 15618.894652097066 8998.382697897823 74303.98375650086 36523.48719128064 12868.87305966472 -8968.717279185395 -8678.112669870996 38756.37942710594 22313.848664015593 3708.8338323679886 19263.25932210853 -14216.559158168739 4165.716917050388 13607.024696979903 -7492.452511432368 -4169.397214475591 nan nan nan nan nan nan nan nan nan
2458784.32603 -3525.74022922 3735.03446122 nan nan nan nan nan nan nan nan nan nan nan nan nan nan nan nan nan nan nan nan nan nan nan nan nan nan nan nan nan nan nan nan nan nan nan -18589.471400155442 -25822.35183085355 -11683.9571629678 66608.11959215751 -18335.634404094206 7409.836098881814 -4498.880430401995 -1464.309034927279 15477.225363841908 7065.592592627346 16011.763769353998 -20275.528761991347 -16377.901912162102 -12226.732834680734 -9336.726796172388 3209.8089957228217 6187.538229992168 nan nan nan nan nan nan nan nan nan
2458795.27208 2811.80234336 5256.02494113 nan nan nan nan nan nan nan nan nan nan nan nan nan nan nan nan nan nan nan nan nan nan nan nan nan nan nan nan nan nan nan nan nan nan nan -15414.078338488216 -62942.58180628806 -29833.68994982784 73238.63553020768 -30489.836660525867 -28081.17108446759 -27983.03346472344 7858.354316874805 41367.05006234466 -26347.66344440177 2646.4957859606784 12738.787054679864 15185.801780526725 12797.442721863514 4299.399380465281 5382.232459432951 14880.432287995389 nan nan nan nan nan nan nan nan nan
