2457400.32058 -1.984244897453684 1.1271295193590025
2457414.31114 -2.6642629077540847 1.6879408971357595
2457418.32166 -6.201963662972562 1.2417196759679099
2457419.36054 -0.5725742173587405 1.6965139445586617
2457421.27323 -2.4543888166692587 1.0491098086963178
2457423.30633 -2.9845020417225903 1.389509956663971
2457427.30792 -1.9126411779816637 1.5537700119566848
2457427.31967 0.6342864133466146 1.5404420360458344
2457592.68299 -5.583429252049414 1.298691441147458
2457597.5722 -0.7492497146690165 1.5495460195309583
2457618.57195 -4.496861955150007 1.6928140106184992
2457622.48798 -1.4533199603354516 1.6104931488883962
2457629.61276 -3.8306882098851376 1.842049153991073
2457633.59999 -6.022410065343342 1.5510613106441051
2457634.68768 -4.708149681208013 1.43760312830396
2457635.61234 -5.924219088077381 1.5180336062231135
2457643.51286 -0.866071398968016 1.3671253659165228
2457644.43683 -2.7605632971583174 1.2446724155194968
2457645.56982 -3.842675517366722 1.452956262509006
2457647.54292 -3.478364546226994 1.2727641053142278
2457649.61771 -2.918558585319023 1.6539906758356904
2457657.42221 0.2541953550996529 1.8412154317607161
2457677.46257 -0.03663243663134247 1.272194769429039
2457678.42356 0.936136930916246 1.362542704968682
2457688.47251 -1.122676967898775 1.4584772746354506
2457703.38422 2.3536896653798345 1.200662662903289
2457705.38947 -0.4702275929400523 1.315083642057592
2457710.25633 -1.5346359680915926 1.2962068499541881
2457710.2713 -0.051228662381715584 1.3527151625164655
2457710.27819 0.5967968430057464 1.2475327931313593
2457710.29125 -0.9168513243673306 1.1520016873179584
2457710.30524 0.3656777703298261 1.0765292698826974
2457710.31755 -0.6588324248043298 1.1730765832044177
2457710.33006 -1.2835130042906118 1.2463044112704529
2457710.34427 -0.9080074352908287 1.187166584042083
2457710.35717 -1.7016582601250327 1.1088711303319192
2457710.37432 -1.80558533487709 1.2494252726655528
2457710.38698 -0.2674854668519485 1.293954260704888
2457710.40101 -2.6879483655520104 1.151050383149831
2457710.4161 -2.550723223123788 1.1839781334716764
2457710.42985 -3.375764192097288 1.1928350707424058
2457710.44344 -0.5918919843965685 1.1088224348428772
2457710.45762 -3.391510796385206 1.2261616035045655
2457710.47082 -1.8311479138865654 1.196565225120432
2457710.48362 -3.8339848896297064 1.211720209816944
2457710.49689 -2.8751910275352066 1.235315842324416
2457710.50937 -0.23982836986456568 1.200637750846268
2457710.52183 -2.5421928077226443 1.2056050977924473
2457710.53542 -1.0786282462319237 1.4252204437048988
2457711.38398 0.8400230385080756 1.8895716908714963
2457735.26144 1.272493754953106 1.2328751992751192
2457735.2747 3.0132870596432473 1.1721044435114536
2457735.28762 1.0211660716831064 1.1005292090066605
2457735.29982 4.31637599923031 1.2331265500415352
2457736.25122 1.022657095244648 1.5896990585861148
2457736.26331 0.395925099103209 1.701291967793118
2457736.27757 1.0107829558547887 1.7087995312065958
2457736.29112 0.8301753923727262 1.6282531089763825
2457736.30346 1.3971219340016476 1.6473950846828649
2457736.3158 0.6908867082205694 1.667975730219027
2457736.32869 1.1592479124573523 1.626891358265403
2457736.3469 0.3811424200982329 1.6893723384897916
2457736.35933 0.06883343766173206 1.6779464244229103
2457736.37267 -0.5756737662979077 1.637372035302488
2457736.38508 -0.13596628817312634 1.6861748118935476
2457736.40198 -1.532888787590888 1.6467300021083962
2457736.41496 -1.1961420099395286 1.6573872252926216
2457736.42729 -1.559389478224966 1.5992184433901142
2457736.44287 -0.9447359900403838 1.7084418607936076
2457736.45563 0.1834857880136937 1.6465483271810195
2457736.47075 -0.2144561224296629 1.7314441602381772
2457736.48392 0.08814809563055642 1.688437624738001
2457736.49705 -1.1249278379666625 1.712555014283453
2457736.50993 -0.17289233564958534 1.688689983838604
2457736.52367 -1.6588612997674421 1.7057190413360483
2457746.27778 4.396869597740761 3.069451311847139
2457746.29307 6.0045944685022015 3.130372539411304
2457746.3099 4.063909330718582 3.0701961137003613
2457746.32409 4.484945969489647 3.060938084720423
2457746.34071 4.587624853613104 3.064477159077425
2457746.35674 5.372028445431264 3.084048783764547
2457746.36669 5.5814010157198855 3.1173231778744586
2457746.3931 5.230671603531527 3.0882253263699555
2457746.40135 5.205150462299427 3.0672540226927114
2457746.41605 5.5676817697902266 3.127361174766672
2457746.43057 1.90243199611187 3.078106506943137
2457746.44652 3.6063162325344673 3.084101603026897
2457746.45931 2.840368736492312 3.1000216909795144
2457746.47462 2.430808318662469 3.165389485866844
2457746.49153 1.4535972192090687 3.087270963521524
2457746.50829 3.532518643194933 3.1304078253450607
2457746.52158 5.896734774718153 3.1700018910250125
2457747.30069 -0.34280884970645636 2.134289249943568
2457747.3199 0.1352167633858647 2.1027762980828295
2457747.33534 2.329667920703383 2.090843480146214
2457747.3513 1.2588317637056832 2.121471120096081
2457747.3751 1.9642103646650886 2.09142300169631
2457747.38767 2.070428238800306 2.104042689578689
2457747.40548 -0.0655645433605952 2.070390802145548
2457747.41808 1.1191590829030458 2.0656214922513736
2457747.4351 -1.0612957912863694 2.147807268103956
2457747.44783 0.1919737734746298 2.072881974420938
2457747.46267 1.9111079551024923 2.1166664510399076
2457747.47547 0.8839575551593521 2.1571981670562455
2457748.26837 1.3143250054535764 1.3223476006360726
2457748.28649 2.482518469669881 1.3355147376225098
2457748.30472 0.9326906744594812 1.4147920416940558
2457748.3188 1.8670398083865603 1.3179371300082916
2457748.33415 1.7760911858895005 1.4151395501397597
2457748.34919 2.671208070900582 1.3120399147156856
2457748.365 2.84909666268146 1.3387284774519657
2457748.37873 2.571484949769243 1.2991721053813834
2457748.39209 3.5618654662283205 1.3171756850819563
2457748.40513 2.509393898516525 1.281171720407088
2457748.41946 2.9756483929839646 1.3670066312819436
2457748.43592 1.7960375289669839 1.289614533374113
2457936.65898 -1.313890745792983 1.4881207800652454
2457937.65915 1.561456640424982 1.5748766216848773
2457945.50567 0.00019040349445703653 1.4954972605664445
2457946.61273 -1.2192475934214013 1.2189190105228227
2457949.5528 -0.9541106403256177 1.229184329280774
2457950.62492 -5.329096855522235 1.210213439884316
2457954.6545 -5.024162484392847 1.5199941498039156
2457956.62425 -5.867241693792271 1.6469371781899704
2457961.65862 0.3033395723697629 1.1942766168322176
2457962.64984 -0.06433946517816419 1.08463220533984
2457963.47429 -3.7652050597357323 1.2571537556407408
2457964.68518 -0.5721658846634778 1.0279623195905019
2457965.6279 -0.6935450382158745 1.2922354370569178
2457968.60669 -2.788621380194447 1.0874574005417281
2457970.63923 -1.1570933035093025 1.0911404577570267
2457971.67241 -0.7483972757442385 1.0906949488700943
2457976.69337 -0.6388532469768535 1.608307723086488
2457977.59366 -1.4127775164126952 1.518317158116158
2457979.58875 -0.7901854841851887 1.157363970000103
2457982.60316 -3.787046171591126 1.204808923798615
2457987.57477 -1.3917757351809772 1.0622920698573046
2458000.56214 -1.581782843266381 1.0965741995329654
2458007.59805 -0.4019641900153635 1.0935542428118568
2458009.53871 -0.5234602232108767 1.1402587839068168
2458017.69234 0.4854643321041781 1.1975419919291999
2458020.68832 1.7783381022690914 1.199501493275535
2458021.71255 1.7326163158259582 1.1740745619450783
2458025.66839 0.6632852138562095 1.1565736532831306
2458029.71752 -2.5036442691642398 2.005925066378369
2458030.47142 0.4796570781585003 1.508642139524515
2458057.34242 1.3191649439232276 1.0171668262755562
2458060.43763 -0.40918914842458626 1.2328048996912655
2458066.35573 0.029710316901461364 1.3320740625382925
2458078.54932 1.7715879692685463 1.0988821281013577
2458084.3189 1.9147251749310967 1.8616003285757843
2458093.45577 1.664433174478701 0.8716842970529788
2458094.289 -0.25024218974870466 1.0517132001960263
2458095.28762 -0.14445681541590122 1.2604746741575987
2458096.26826 0.4220526799338988 1.537707650078166
2458110.31368 1.524740643212943 1.3150101891114496
2458112.35412 1.0005365661749408 1.213047867084451
2458121.39221 -0.5184112474456953 1.2637639151973232
2458135.34903 -0.4612759154702089 1.6812986790919968
2458139.40407 0.3516424135465232 1.4775299630073295
2458301.64179 -0.90288308028291 0.9481426822968582
2458310.6526 0.7230030918059922 1.4235776802212046
2458318.64855 -0.031774320884635554 1.6264120675106337
2458326.59033 -2.0711365692868458 1.2028894332841145
2458330.67811 -0.8893936557545301 1.2148350329039808
2458337.54865 -1.1253155249095361 1.5482416613466885
2458345.59844 0.3066263738242074 1.1147421358352723
2458352.4841 2.904089801565878 1.0843339843022546
2458361.53073 4.7422460552723456 1.3986299121391175
2458386.56787 3.52389476234279 1.0842967466631874
2458393.54202 -0.6832173026553454 0.9278172607914419
2458413.41082 -0.5355077118665972 1.2401929278554016
2458429.64673 4.938740401391587 1.662480288533772
2458450.37697 2.1613249427295447 1.3631566640940844
2458485.42139 0.5886186535266595 0.9243259381679533
2458527.27784 1.0983691346928361 1.0105472975150005
2458626.66259 2.4343852711326766 1.114179196591015
2458658.56391 1.3108061210400994 1.0612471375800814
2458666.56387 0.8807242734279213 1.0398724727699922
2458679.66583 1.3922519947581435 1.2663566903801629
2458687.64591 2.55734566416118 1.5277171515295267
2458698.64168 5.75550433812281 1.1638851763228728
2458704.67761 3.687678655036972 1.1369756618306937
2458711.56229 0.8991189282340504 1.3360663871670049
2458719.68339 0.7227335750541 1.139796187857479
2458727.54165 1.2598743367831038 0.9787119167158456
2458744.39715 -0.9316597488313456 1.1722625624658372
2458757.47058 3.4578743597070254 1.1079078368097772
2458765.39301 3.949946180760875 1.2804521863773077
2458772.41504 4.505067298298454 1.2627899358142873
2458783.38822 6.064720354578942 1.0144327224234169
