2457395.46318 -4.98840854879 1.62206275756 -6.93348360786 16.6946802397 -40.1081582775 3.39449927217
2457397.50015 -10.7984569643 1.28682222516 8.6290818025 13.3910245669 -35.7675306068 2.74322294197
2457411.38793 -5.3607988131 1.43307845424 34.4881941634 13.6809623599 -25.1589370429 2.10250371967
2457411.39507 -6.04488923692 1.48432315437 17.0892551965 15.3600280258 -24.2042745859 1.85443711297
2457414.3705 -1.37653793678 1.52733410137 17.1897858043 15.158595271 -35.7170660531 2.72263527574
2457415.42603 1.49181351949 1.92432247921 27.9743038959 19.4378239145 -41.213627121 2.16664682962
2457475.34286 -4.66808713335 1.50053544813 35.713544723 14.5940309552 -15.1665878897 1.77920775256
2457658.68839 -2.8976724896 1.82917221577 47.16946667 17.0144063339 -12.6926386362 1.97452084364
2457695.63478 1.72515552813 1.30561430013 -1.53446943188 13.2296626984 -14.4910742647 3.70115211302
2457698.56776 -9.45935847524 3.06034686188 15.39851609 31.8754467206 -19.2277145251 4.74703494319
2457699.57681 3.08891290621 2.09852733007 -16.1493855561 21.5895416759 -17.6336543062 3.73212446214
2457703.61024 -1.99627686699 1.39722068439 42.7028710333 11.701145333 -20.8236039653 2.54168430728
2457704.54582 0.888219622609 1.33790513595 35.3240276142 12.7022227868 -18.9889662407 2.43615261438
2457712.53231 0.704426952512 1.37334731553 8.23645841472 14.1517882701 -14.484301811 2.45505881707
2457760.48166 6.50571449048 1.49067906823 13.7276729836 15.1270531369 -7.23280874111 2.09332724931
2457791.35738 1.55566969323 1.54234066565 -6.63871418001 15.3032975661 -2.85756946071 2.61155204507
2457968.68038 7.71420525949 1.40696879796 -19.8405645796 13.6665683679 17.2274162293 2.35961658169
2457999.62341 -11.7356370259 1.02898296191 12.41813032 10.0525931179 1.26500265429 1.96279374749
2458018.69834 7.55990786336 1.6755330065 17.9592892257 17.227754808 0.0697067519922 1.65077144178
2458023.69392 7.59673909277 1.28573269901 29.9667970666 12.2728989264 7.02230624838 1.43754811255
2458027.71483 8.66330344062 1.57835509728 12.1409819848 16.2793411669 8.26018663325 2.27558295922
2458060.56712 5.88197062209 1.41520838438 -5.83222434265 14.5696493373 9.45693982829 1.49151164471
2458064.5747 4.52317884607 1.11534993533 7.79301136992 11.3351323987 -0.122247753545 2.01166451718
2458080.71204 0.273043812214 0.935619475426 0.720866141269 9.55688352764 -10.0299894499 1.972852439
2458091.46167 5.71385463621 1.14734010835 -16.1065858532 11.070992889 14.2684309316 1.11275271417
2458094.42444 9.71907636805 1.07120328908 -8.80025609051 9.81748361898 6.59967667625 1.72107188409
2458109.71486 1.48324041374 1.15135144098 -6.17108854209 11.4343432463 7.41394512111 1.48956366984
2458112.36903 3.76489454835 0.968038435468 14.4543735097 8.89568418179 5.64404956219 1.44084885956
2458114.43648 3.34736453913 3.00155402765 36.9034817886 30.4462019504 -24.2129472633 5.35406061196
2458118.31946 5.62443256576 1.25438222908 -0.457981932432 12.3213589056 1.99899210967 2.04402185647
2458120.43503 7.5443668339 1.61925306818 6.42459110572 16.3652674463 -2.63598564668 2.32016482927
2458122.39394 -0.996744292305 1.57687774561 -16.4164508495 14.8724295852 9.28985680437 2.0006304314
2458124.44238 -0.245020103025 1.80748920807 2.61388987537 18.5098176393 -11.5991726874 3.1193024198
2458132.46016 5.55840520434 1.90402125426 18.9160373496 18.8210674772 -15.0037391837 3.4619703226
2458134.40481 1.83529887647 1.21267045445 -6.31747293205 11.9779671651 -2.86857840416 2.01503334884
2458139.3712 4.28681072807 1.36912671175 -1.55222365549 13.8868955286 9.38943251352 1.93885996838
2458143.39563 4.15320049668 1.32440291244 11.4862852356 12.2867139461 5.16662084125 1.3668563586
2458205.31694 3.08483513311 1.26379093217 15.8968309994 12.323478339 4.56473711224 1.40300767935
2458392.62681 9.058718092 1.56697812302 8.00337208678 15.8041188419 7.80252266582 2.07973165778
2458394.72245 9.36332168356 1.98576599106 -17.7551153488 21.0290594158 -7.62883551521 2.80368924508
2458398.62939 -2.66919529223 1.09592267893 21.0257259894 10.7415533437 -11.8430756051 1.97211283013
2458413.64079 -1.8340194907 1.20625140071 -23.3723812051 11.3813993197 6.80750685743 2.13411284283
2458417.54585 -7.22453933728 1.32721351463 -6.21740333889 13.8192433239 -7.2918300044 1.98398578397
2458451.53752 -5.05073398309 1.24664897297 18.7833583374 12.2002878372 -2.26179873912 1.62615036746
2458471.43918 -2.68416367711 4.03156034686 -26.1342626046 42.2950975412 39.3360309631 8.93008866336
2458473.43993 -0.485602356724 1.50605690919 5.13903429337 13.690874079 -9.72426941801 2.79432467595
2458475.45301 6.55029841641 1.4404321395 -0.978744131242 14.4636479899 2.14532839896 1.92725249885
2458477.46101 7.19135128152 1.60106885019 7.34698671167 16.0517281751 0.485486674412 2.02523498287
2458494.38108 7.11880309834 2.41015244117 -15.1172945907 24.7996741368 -26.9100161862 4.18324619096
2458499.36945 4.80811633509 1.47332445696 -4.91978033023 14.6505552986 -5.48979839591 2.35306164034
2458564.3601 12.1619301071 2.93770428701 -42.3298964006 29.6170145327 -5.54535913874 4.09249961327
2458705.67183 1.05278645836 1.61043687646 -11.0941205521 16.4319809991 1.36644570936 1.16416160203
2458713.61525 -2.16098404647 1.19590332716 8.20713783508 12.5456239398 6.96038231201 1.88289978643
2458715.61591 4.77041529399 1.31149164608 -23.5406094166 13.2470345312 5.48754084306 1.59891952438
2458727.66448 4.41391850862 1.20441280522 14.9957402107 11.9062171092 5.11213960343 1.86033306264
2458731.69623 2.3698301468 1.5966942167 -4.747496273 15.8036582662 0.970658475321 1.74503367271
2458735.68854 11.2914827374 1.4989764201 12.1857756164 14.6294053136 1.06275889907 2.14242979812
2458757.57287 -2.48926871328 1.74690114423 45.8349933091 16.4169725028 6.70856917729 1.58823708159
2458759.64063 -2.49496357848 1.2723807832 21.6032545787 12.5875990987 2.37325893736 2.0772486448
2458760.52922 1.7465727705 1.12491675253 -12.5231578452 11.1747385189 1.47167885341 1.77274795621
2458761.71239 6.18134157457 1.22462015958 16.575465325 11.2748536342 1.86726350463 1.72492237069
2458762.63116 10.6835273815 1.24640086983 1.13118545293 10.9860856129 3.01878012612 1.3588704788
2458764.49739 6.77052021361 1.45751659428 -28.321639672 14.3660303263 2.7218942573 1.85038184056
2458766.71418 6.58896622366 1.26053081929 -29.4045894919 11.3718635142 4.14314874272 1.7962246328
2458767.61137 3.46180836816 1.27520483349 12.2344270691 12.7510431854 5.81642799087 2.1643111529
2458769.71866 7.71196226446 1.11802102103 -14.7616869125 10.6668447645 6.60541366077 2.06939327939
2458771.61258 10.9722326678 1.93269373974 -10.2724156355 20.052358558 -15.8265880315 3.74469270228
2458772.576 6.75238315781 1.25101333904 -28.3390396049 12.2937631508 9.73338042137 2.20293407397
2458773.57646 2.50354644297 1.32100066259 -17.617266458 11.841799063 6.58512938234 2.20953378616
2458774.56242 -0.705008925397 1.05325634368 -9.1089594903 9.55266126045 6.26023848794 1.62929763705
2458775.54847 -2.60683457876 1.40100246841 -18.6791793018 13.977971777 6.13592488009 1.33471317778
2458783.61304 5.85072463091 1.11757866643 -24.1612081056 10.239372344 11.4963427497 1.74318040559
2458784.53242 3.3230021637 1.52753283601 -22.3653167437 14.5503898114 11.0189017028 1.56521860761
2458785.61558 -2.98141454109 1.28338139314 -5.76017593509 12.4124502887 11.3480169803 1.75913694606
2458794.64475 -5.05952086732 1.29646530767 -3.60461258409 11.6011824759 14.4710518301 1.77905395837
