2457395.67686 -3.6252012771673594 0.7758989729588677 -59.2579 0.219027 -84.1597846625 0.492866716447 19.0672436811 0.0 -5.880236050451373 0.5577891979309544 0
2457398.6817 -1.1995722495527548 1.530444164956306 -278.996 0.217996 -309.681043759 1.23222253905 18.0131176449 0.0110983579948 -14.100122532865978 0.8811155998500635 0
2457400.76874 1.96237507474846 0.7951932546748388 190.608 0.13482 175.800887251 0.474796241078 17.106091504 0.0188067903656 -1.3918472790671927 0.6234776734886469 0
2457408.63475 0.41436684973047605 5.795398650011732 98.1595 0.249424 81.7607786636 1.24641325951 14.2986220965 0.0478598554844 -1.4645007067492077 5.654280428780821 1
2457408.65109 -55.46363912551672 11.69333677192088 95.1218 0.248383 22.7705467268 10.23236896 14.2611881347 0.0479201973566 -1.539087010202019 5.654295377193812 1
2457413.51085 -2.274847670118777 1.0860482269103353 -3.85869 0.192095 -8.79421472768 0.595757036401 12.5025370151 0.0658696699528 12.669900607370044 0.8875098961297829 0
2457413.53853 -1.2293937079739385 1.2470354547914144 -3.55652 0.214615 -7.57283791211 0.849302385012 12.4491176435 0.0659719061194 12.543551224625205 0.8875377660103609 0
2457413.54289 -2.77124709829094 1.1944510008212328 -4.08096 0.221912 -9.65901707186 0.767940182063 12.4402397843 0.0659879910806 12.523649370232206 0.8875450041498699 0
2457413.54674 -1.7420974836628615 1.085487083547585 -4.44113 0.154141 -9.0075971172 0.605618804911 12.4322933963 0.0660022156506 12.506075485694128 0.8875520400550867 0
2457413.55074 -2.0569971538940037 1.0610301074141009 -4.20598 0.18303 -9.10559057718 0.55183527583 12.4239401803 0.0660170060745 12.48781690551527 0.8875599902480671 0
2457413.55468 -1.7973761660109964 1.042035126462007 -4.4369 0.214336 -9.09485973573 0.502115041142 12.4156324555 0.0660315632659 12.469832201892263 0.8875684589613009 0
2457413.55741 -1.7809519165332754 1.2256081754668062 -4.87656 0.128887 -9.53054691277 0.835293179854 12.4098465813 0.0660416178169 12.457370720824542 0.8875746980917049 0
2457414.49358 1.9294303173198193 0.9429479384994998 18.7842 0.218245 1.40403650737 0.664744204943 12.1113405579 0.0694993495857 -3.9826458246385514 0.6321669689965721 0
2457415.55228 1.877921682686193 0.8106175780099989 17.4708 0.150053 0.584457928103 0.454885668872 11.5713183498 0.0734096711738 -3.4412260909049266 0.6539602306137523 0
2457418.44258 -0.1895169726811141 1.0021054293340736 9.38592 0.221323 -7.67838261332 0.719537556699 10.4697664127 0.0840849634003 -1.5624232691376188 0.6614356549741531 0
2457419.72809 -0.7722675063764178 0.8294468079443941 8.87503 0.163934 -7.86658417272 0.472865722907 9.44224865619 0.088832984492 -0.661732315942314 0.661442105518238 0
2457423.52466 -0.06232504530288037 1.3602327542942525 12.3191 0.212158 -2.6815913287 0.723924536171 8.09722100064 0.102855562946 0.35522548858414627 1.131881351918128 0
2457426.43966 -2.2117072983877986 0.8310769697320722 17.8567 0.150558 0.542844848184 0.647320332027 6.88500379902 0.113622091633 0.18067738986906676 0.498996599186787 0
2457426.44473 -2.8501044538188456 0.9349517581525064 18.3483 0.150973 0.372923665343 0.776122124264 6.87704194972 0.113640815985 0.1575346381001119 0.49897534164795315 0
2457427.39868 -1.2386630003278651 1.133007080717523 11.6519 0.161615 -6.65995987718 0.872775965042 6.48026253114 0.117164241289 -1.7939137832908676 0.7041645770535466 0
2457430.46579 -1.0662752040859078 1.4330871507501435 19.4101 0.178561 -1.62876484179 1.03096033601 4.98586213406 0.128492562301 -4.7046348651328245 0.9792729632251683 0
2457436.47553 3.050481936195663 2.5132124678591103 -2.69246 0.475968 -15.5487296929 2.10573154729 2.15927944731 0.150689485965 -0.6609937801143975 1.2866957769146468 0
2457436.49015 -4.142312619910572 1.5138036886954829 -1.81155 0.21403 -21.9272953785 0.768260961498 2.12841291766 0.150743471648 -0.727728895408159 1.2866887199501948 0
2457440.56735 -4.432865989770177 1.6262225675352198 1.62312 0.134265 -18.5886899621 0.75633095696 0.0773287545278 0.165802593561 -0.5482992310485568 1.4333653520581655 0
2457441.46098 -3.911436681461579 1.6517307305148217 7.32149 0.317437 -10.2815465405 1.13504247461 -0.148800992642 0.169103185811 1.5357442900428446 1.1572064370702155 0
2457441.60619 -2.3407017596303 1.3926817997942535 8.13338 0.282782 -8.56121742515 0.721191498518 -0.479926247513 0.169639532906 0.8729121364115654 1.157358958327205 0
2457444.63437 -4.796847060870093 0.7525481555375326 11.2012 0.183447 -8.60734402483 0.471501093325 -1.93979958864 0.180824074739 0.2039262961513595 0.5571020046519752 0
2457467.48837 6.016228277180056 7.433739829488975 10.6449 0.401256 -0.0518961855502 7.31340459165 -11.8737667891 0.265235095783 -1.581812223598789 1.2702734956813786 0
2457472.52222 -2.3563054148579936 1.0438003760999763 9.18523 0.195067 -10.2208068729 0.496361101231 -13.9487678414 0.283827558081 -1.9371116812607398 0.8972701643552872 0
2457491.41525 -6.468873547527871 1.9707270662306584 3.72518 0.259624 -11.578441798 1.10616959885 -20.2494332112 0.353608802946 6.208090281409138 1.6102016540712785 0
2457499.42467 -3.591814167221002 2.2880443716618193 3.57383 0.282745 -16.1166304569 0.786379011432 -22.3658307484 0.383191519556 -1.0853904743977303 2.1299789581232575 0
2457510.32374 -1.6594657612263295 0.9331638806314324 -2.98066 0.157593 -24.4878741732 0.623662318167 -24.3685137456 0.423447108375 -4.874748185492403 0.6760211441693544 0
2457530.354 0.4580710787726257 1.1153590812321321 2.62063 0.18981 -11.6756851563 0.844380715729 -26.1871451813 0.497428692972 0.14463240680864065 0.7035760448536191 0
2457532.44821 0.27198745832085375 1.4597873487209279 3.34203 0.172232 -12.8769979184 1.01401464722 -26.3396498326 0.505163631103 -1.5997316729395858 1.035900350849096 0
2457536.39058 -3.677191152129157 1.428993636704584 0.808254 0.211329 -16.7096147367 1.10394992578 -26.2014331688 0.519724722734 1.0360450276104234 0.8824156780485116 0
2457538.33992 -1.370669430754349 1.3554241221981147 2.34806 0.222317 -17.0484157199 1.00633657577 -26.0483939954 0.52692459166 -3.1562835459643828 0.8803615159821411 0
2457542.38564 -8.980626356252971 9.037097855626051 2.36722 0.410543 -23.2729367004 8.91515244096 -25.8846477481 0.541867404515 -1.8049504137657646 1.4214953576173321 0
2457543.34062 -0.5198629582128342 1.080792781709137 1.50633 0.283968 -13.0235455488 0.858546892905 -25.7401059394 0.545394642345 0.8410401018941012 0.5919226677987081 0
2457544.34719 -2.1563252679363214 1.0063143206983143 10.904 0.251284 -5.31892819787 0.742134108853 -25.6647929219 0.549112395925 0.7807320090175878 0.6314759123378187 0
2457552.36009 -2.594205392267604 1.1702064775847691 -0.0226311 0.305422 -17.1109518225 0.62319746953 -24.7217654651 0.578707944241 0.3236240603488701 0.9421918679697366 0
2457554.35813 -2.8329229677326873 1.1872995431678686 2.96172 0.195076 -14.6188765017 0.811254084709 -24.4086223071 0.586087693547 0.06268610731395374 0.8446847752112306 0
2457554.36453 -2.511797296571171 1.1368924299324799 2.0473 0.234697 -15.2413609094 0.723887828437 -24.416065439 0.586111344278 0.03347237775243583 0.8446467470309154 0
2457556.3579 1.66198737329693 1.1271420915517207 13.7551 0.163048 0.631344925657 0.664478664647 -24.0715972547 0.593473838165 0.017231049084337036 0.8957302877948815 0
2457558.35427 -0.4480787749698329 0.9609518254588147 23.8008 0.262263 5.7337607386 0.601588718467 -23.7056034103 0.600847385883 -2.823360537448902 0.7019526647119289 0
2457575.35153 -0.09499741188451923 1.1548154284630419 3.58589 0.25425 -10.7985852386 0.838315435671 -19.6236989381 0.663626594499 0.44334291366578527 0.7524512220948012 0
2457588.33722 0.5036079891821383 4.695193545369725 nan nan -12.212301241 4.64489848358 -15.3790116514 0.71158913374 1.968948970999129 0.6853907686260082 2
2457688.71195 -1.0643122693007734 1.7082452706676827 4.64334 0.367509 -6.69092658957 1.46169014184 23.9274357655 1.08232218307 4.044170831582039 0.8040528396302242 0
2457692.74556 -2.419018866595026 1.1392990709427624 -1.91152 0.41439 -20.3291627258 0.917574396191 24.6964293535 1.09722026777 -1.699396792123709 0.5332359031389627 0
2457693.74317 -2.845505604629504 1.1188852271954313 1.7666 0.324466 -15.8570468365 0.877525346058 24.8810984656 1.10090495294 -0.482598849889229 0.6136572606155372 0
2457694.72509 4.157937302039565 2.05604568939294 -1.35857 0.300684 -11.418521262 1.92828148189 25.077235497 1.10453165739 0.07402711344170221 0.6470266884880587 0
2457694.72749 1.2853370623222249 1.5784401028732666 -0.548608 0.428526 -13.4921058015 1.37446563334 25.0744325495 1.10454050705 0.06307196405904103 0.6470570673982972 0
2457695.72346 -1.8181104697879116 1.2326351723302 -1.25432 0.345031 -18.0213204304 1.03224690384 25.2456117394 1.10821911253 -0.6606617382308203 0.5786271741226972 0
2457699.63106 -3.2950295378843646 1.3764972218130775 -3.46483 0.416962 -24.9342891129 1.01523233703 25.9111400112 1.12265180782 -3.9006340479343704 0.8307771025166097 0
2457701.62732 5.278611271077389 2.2616261967422977 6.56542 0.470206 -4.20436888064 2.05878799036 26.1636885849 1.13002496464 -1.781977781496122 0.8094759922908366 0
2457701.62921 13.251821195035129 29.703395679422815 7.03568 0.363503 4.23048084291 29.6901382874 26.1628974026 1.13003194378 -1.7906049610238637 0.8094868313362278 0
2457703.6335 -1.0530996679606432 1.2304392476488608 13.0434 0.470736 -5.85840149988 0.954181250874 26.379870624 1.13743477027 -3.589689267258092 0.6180020234104144 0
2457704.62137 -4.495913987299702 1.2430486945414863 6.08331 0.374444 -13.4114072974 1.08109238775 26.4840148583 1.14108345876 -0.7434394339190304 0.48600514092916086 0
2457705.69864 -8.26676736123654 1.5588011537006647 5.94822 0.479418 -16.9860377137 1.34128637425 26.5052194073 1.1450623749 -0.4161053924821924 0.6332221413596955 0
2457706.61439 -7.524462796672085 1.5154712528074474 2.44258 0.35161 -21.7018881561 1.23324824213 26.6613719697 1.1484446581 -2.3720026826466483 0.807540896354122 0
2457709.64823 -3.2741750117013306 1.447097155767224 -1.66502 0.251189 -18.0654707758 1.21997351755 26.8425240978 1.15965014473 1.1105214259825968 0.736653840687478 0
2457712.65561 -2.4946347541849754 1.8308589872361432 5.3536 0.26012 -11.5636871479 1.6118909198 26.9692108568 1.17075784215 -0.19696290103375663 0.8283657884061073 0
2457735.53944 -3.310080997997184 1.3699376831302263 5.32751 0.271169 -16.7393613778 1.09344461914 25.6211855719 1.25527906833 -4.61562211322155 0.7794712913154811 0
2457748.67728 1.09674469156493 1.4152005014255322 19.9519 0.270847 5.56609373276 0.849113975287 22.7332345808 1.30380352574 -1.3899071496836641 1.0992905979755205 0
2457752.67201 -3.390182548996935 1.279925256028159 23.4065 0.367321 6.65800613055 0.94923479844 21.6559306151 1.31855803967 0.7195779747781996 0.7760394586655314 0
2457754.63806 -0.563354647671773 0.9894462146082833 4.57354 0.326358 -12.9109988154 0.721952430133 21.1408968376 1.32581962295 -2.850556455846962 0.5926879078099793 0
2457755.68832 -0.7137480370533229 1.4681824429483255 1.0 0.355418 -17.7153162937 0.910532204279 20.7285435912 1.32969874287 -3.9348196646654094 1.0955221750504744 0
2457756.61712 -2.2526225026832876 1.403618581972129 7.63506 0.334764 -9.57547193969 1.15404414791 20.5704835635 1.33312924759 -0.8945913497354457 0.7254380005528916 0
2457757.5343 -1.964240639423271 1.7316427640010734 -0.430023 0.548594 -17.7307602107 1.22940811733 20.4008568092 1.33651683358 -1.276566069995463 1.0891221080883589 1
2457759.68085 1.2457490072671455 1.7351864004063189 18.6065 0.355229 1.67394365502 0.974896755155 19.4647882601 1.34444512354 -4.126303140885879 1.3907769477916025 0
2457760.4738 -3.6291439626515625 1.1751863899113364 8.58942 0.27042 -10.8442223881 0.94036042928 19.4958956776 1.34737385586 -1.7554249464671712 0.6508904191005499 0
2457761.63182 -3.929818870991197 1.2116699910041273 9.61648 0.327211 -9.88625214566 1.0606561492 18.898569328 1.35165099918 -1.5281169389275364 0.48588647001884283 0
2457761.68374 0.14265432175480733 1.2061142603077655 7.69319 0.387516 -7.97387358191 1.03337520326 18.7835922266 1.3518427572 -1.7651133259735399 0.4864962979792537 0
2457762.57486 -2.637487750971317 1.2697206021926373 5.1474 0.390423 -12.3400445014 0.916969169827 18.6711336501 1.35513409944 -0.8086435149474164 0.7867196643594294 0
2457763.51608 -0.8605147631551884 1.3403740506341442 -2.6477 0.537665 -19.4331301496 1.03401565319 18.4221598152 1.35861047834 -1.887078529863546 0.6620653837347507 0
2457766.52991 -4.580797721182753 1.3873303901826246 7.84103 0.351542 -11.1593605779 1.12451054117 17.3286352308 1.36974204424 -0.3928875661359802 0.7325161271597467 0
2457768.58628 -4.754332127313659 1.8248932608084931 7.69514 0.329568 -12.4006730087 1.66572791377 16.480429453 1.37733722812 -1.322370774605073 0.6685587962254358 0
2457771.66177 -0.1389917814554393 1.6021186882490188 -0.148734 0.329046 -19.818156088 1.09941469125 15.1591666362 1.38869651171 -5.522679483363293 1.1179447024693283 0
2457779.41833 -2.589422575725749 1.4181634660365792 0.0175642 0.279833 -19.1437553211 1.24682844848 12.333780827 1.41734529512 -2.592794905592984 0.6150609145277017 0
2457787.53202 -3.1464882670972623 1.406187021913129 7.76133 0.385717 -11.7883926109 0.963612937835 8.63523329153 1.44731311912 -2.45410012812147 0.9487014506928412 0
2457788.4484 -2.1189715616011715 1.6927545355149403 2.80466 0.319893 -14.7389119228 1.28054105156 8.34042198684 1.45069775418 -1.4788507804175623 1.0598589534991294 0
2457790.52299 -1.5582964149884069 1.3733317287841844 11.8356 0.562952 -3.725670856 0.983678314005 7.29224481772 1.45836023729 -0.0648873434303259 0.7755656371520174 0
2457791.4009 -5.6583606243876865 1.877094508502041 5.77018 0.300561 -13.3229052828 1.70692584917 7.0440985184 1.46160278414 0.5001198922689527 0.7207988794250622 0
2457792.60025 -1.3994155620632212 1.7740634508917204 -4.96336 0.26649 -21.5003554629 1.18181533295 6.19925172646 1.46603258046 -1.207165146355511 1.2959925642167698 0
2457793.38428 -2.3432878489236306 1.7052795510790446 4.41816 0.363839 -13.2414302256 1.41915906136 6.15046849355 1.46892839755 -1.3887834393951046 0.872689571364476 0
2457794.64 0.28851789545444323 1.4765414761905198 -21.3984 0.560796 -37.1502609881 1.1145114952 5.18688656333 1.47356639554 -2.117497944273178 0.7896497352362352 0
2457798.4368 0.08331455614953547 1.2817056344562543 11.6152 0.390857 -2.8879444461 1.06515885821 3.77642410728 1.48758982998 -0.6776014973682685 0.5961851606176115 0
2457799.6533 -0.4453787953945271 1.1954180164462764 8.01763 0.499576 -8.027143698 0.95276123753 2.83741289809 1.49208296174 -1.695030529424206 0.5212428210727292 0
2457800.39602 0.19358821195433143 1.2145071504577227 1.02296 0.39905 -12.7378216345 1.00469366244 2.90895479172 1.49482620267 -0.05274871427306438 0.5535136499408518 0
2457801.51021 11.7953833045894 1.0569280178672362 nan nan -2.85283867089 0.820761905431 2.22917247983 1.49894142121 -0.7507160617981352 0.6659179600716886 3
2457802.62235 1.059060785163115 1.396521205270658 0.828914 0.358596 -13.2847633565 0.863455110002 1.49991611079 1.50304912233 -1.279339929081849 1.0373647663990389 0
2457806.55801 -2.428365712470854 1.1401611628757748 7.70613 0.217971 -8.53807887371 0.799000157525 -0.234136057465 1.51758542236 0.06301875125212086 0.7836165317068436 0
2457808.60665 -1.2181303357587265 3.1828422589349836 13.898 0.355498 -1.32086525397 2.15696924132 -1.28875089282 1.52515208502 -0.12943966836000614 2.3133503213433113 0
2457817.54969 2.8611656657209403 1.6923754817640413 11.6284 0.169905 -0.404890401237 1.44678197194 -5.34940871442 1.55818308149 -1.0561918135396735 0.8614458705752808 0
2457818.56109 1.2182657425601602 1.60114840749306 -6.10653 0.229885 -17.3008347626 0.685687205882 -5.83107571079 1.56191868409 1.4219581456211063 1.4285174711158006 0
2457819.3336 3.6376978450502757 3.2647684652869793 -0.209721 0.323224 -7.13957694173 3.05839953542 -5.82358294613 1.56477193317 3.26412161493099 1.0956421220090615 0
2457821.36886 -6.023780792508959 1.4256328213189857 3.86978 0.509612 -11.8660091561 0.736992550762 -6.76769943721 1.57228918018 4.112149791090227 1.1088582104125853 0
2457824.39318 -2.709434136030784 1.025765193385328 -0.925812 0.273965 -14.5484516183 0.66463253347 -8.13298398624 1.58345947102 2.89978238161205 0.7317110127566933 0
2457825.37926 2.140316838101883 5.123164274274415 -1.60819 0.414906 -12.4667107086 3.84935344628 -8.54270046318 1.58710155054 0.8105082376793833 3.3551666483117506 1
2457828.42884 3.6923466080885583 1.7966853093014554 -4.09968 0.430917 -19.2701554307 1.61727996504 -9.93316878208 1.59836513013 -5.064739834007293 0.6532948449532006 0
2457829.37573 2.625581221658138 1.6606027997401085 7.3302 0.324772 -5.36618751242 1.5275846967 -10.2501582083 1.60186244515 -1.527383844376871 0.5644553134792674 0
2457830.40823 1.5198577236299404 1.3038915059924945 5.82707 0.239902 -8.06974809517 0.891404734163 -10.7359754104 1.60567598253 -1.6259044664486737 0.9208570408637915 0
2457832.51315 -2.6806470769571704 1.9632393997349935 8.11968 0.301765 -9.63955023352 0.730414355128 -11.8066179787 1.6134504758 -1.295586297461562 1.7971482118259139 0
2457848.53685 -5.2211463188485405 1.3972604971032472 6.67985 0.167708 -13.2026201605 0.865394148768 -17.905027364 1.67263387388 -0.9375103806701921 1.084114334735796 0
2457849.35592 -2.8949453022740568 2.1616889720602663 2.33188 0.254441 -18.4907085101 0.729142136903 -17.8542167869 1.67565908656 -4.206854959544677 2.019037080798244 0
2457852.41491 1.5549769360249366 1.2166556783206512 1.34125 0.123795 -11.7822504305 0.659800132006 -18.9439624912 1.68695742278 -0.968987454443671 1.0146869583126885 0
2457855.32283 -0.27896998907262577 2.0241114674522485 -2.57519 0.521056 -15.1155744549 1.84732454592 -19.6662682628 1.69769781148 1.437335057553893 0.6425884371577868 0
2457857.37262 -0.5291298195296332 1.1635399617497664 -1.59311 0.182756 -12.4400638754 0.885725550269 -20.3469522731 1.70526870518 3.373354573810899 0.7320626589673106 0
2457859.34113 -3.3381285912413916 1.2177435551713323 -2.39391 0.164669 -15.624144467 0.816125349469 -20.839528589 1.71253935389 3.7918021052226587 0.8886635474432529 0
2457860.34349 -1.7845105247071493 1.1072038958886412 -3.42763 0.192303 -14.8244480368 0.792404494669 -21.114325554 1.7162415543 4.067898268488415 0.7490094392524033 0
2457861.35808 -0.9597623575661949 1.2885248062615586 -0.200252 0.203231 -11.4975274961 0.784811882223 -21.4085000127 1.71998895316 3.3389452431474607 1.0015306518086555 0
2457862.36796 -0.19483428755744245 1.46537602505294 0.847025 0.276998 -10.2409861718 1.18932403536 -21.6873412857 1.72371892761 2.779551523038709 0.8100045319012193 0
2457863.34823 -1.6558648098135214 2.167209944306918 18.9345 0.269726 6.04610293318 0.869247952351 -21.8980441456 1.72733955573 2.436575522094788 1.966838789774175 0
2457864.41308 0.7980327579010387 1.2200759280080142 1.30717 0.24266 -10.9049401628 0.725666182042 -22.2807524377 1.73127256786 0.655031846280228 0.9503209914259904 0
2457875.3737 -0.39086774324447676 1.4095119354825216 0.294191 0.263089 -13.7249350524 1.06727463357 -24.432437382 1.77175550044 -0.003566474774256867 0.8822884624056849 0
2457877.4367 -2.1625846000875226 0.9060165321975504 2.41815 0.113358 -10.3012841406 0.629878012112 -24.861854538 1.77937516116 3.0602226331687894 0.641303056525951 0
2457878.3762 0.38902956861727805 1.8995067386335815 -1.30216 0.503966 -9.87039613219 1.50728572317 -24.8884374521 1.7828451888 4.656336445263988 1.040304700417365 0
2457879.35208 6.09444473478738 2.830136925376355 -1.03874 0.556551 -1.86353098728 2.5852124883 -24.9756879958 1.78644960274 6.690762010073888 1.0082670237205744 0
2457881.37619 -1.5974688995060586 1.979604239098088 -0.318386 0.138945 -10.7575385429 0.778401931338 -25.2743020106 1.79392562695 4.7608380645873245 1.8148326820178093 0
2457883.43795 -3.777011203039834 1.5033003755888146 3.08556 0.321995 -9.77228249341 1.15906966195 -25.607721124 1.80154072731 4.5140753172211 0.9015479787293372 0
2457886.33468 -3.995955678301057 2.383177568080869 1.83792 0.512995 -9.40302863314 1.35307322992 -25.6966753361 1.81223979045 6.3392145895823235 1.8935586300515246 0
2457888.48189 -0.772314043686001 1.4865818212201036 1.66223 0.137553 -13.3834802311 1.05620401806 -26.0908620369 1.82017048334 -0.6971193358327319 1.0370331506802928 0
2457889.44729 -2.7798562101964537 1.2149722429022578 3.26638 0.134986 -10.4896736177 1.07215360498 -26.1112789692 1.82373617387 2.5965137534777205 0.5553584231323974 0
2457890.43572 -1.3706176859969514 1.3134841111619147 3.04824 0.171297 -8.28324912144 0.864255324766 -26.1517714832 1.82738693191 3.6081889675782177 0.9741460782033844 0
2457891.48281 -3.616331268356158 1.8415130701117517 2.47861 0.170737 -10.2763633564 0.838495181471 -26.2581270771 1.83125432872 4.426550918137424 1.6306272090434917 0
2457893.44032 -2.0191931902903986 1.4301753615429191 22.0757 0.282386 8.65307986171 1.10698162035 -26.2852692394 1.8384843822 2.154536004671665 0.8603786398758886 0
2457894.47767 -3.2785418609178936 1.3720241214044662 0.257785 0.203691 -13.0461709732 0.762547726607 -26.3538959267 1.84231583198 3.5287173905991605 1.1222660695577245 0
2457896.40625 -2.1765816672465994 1.3707775915884501 -0.84398 0.250438 -12.4547971683 0.939852076025 -26.2981455996 1.84943903172 4.112772802127866 0.9659141208969724 0
2457898.37734 -2.0913285694049075 1.443856848776349 -0.249298 0.240656 -12.6479496943 1.08661164555 -26.2555841384 1.85671920005 3.2324050098861736 0.9198273866303023 0
2457901.37855 -4.567208942522768 1.9613428208293702 -2.03041 0.219819 -12.2462324341 1.0092005468 -26.201290587 1.8678041742 7.880029669104036 1.667351050136096 0
2457905.47863 -0.5251639819185154 1.586290340115491 6.27351 0.239369 -5.80724805332 1.10594824427 -26.1142314143 1.88294776371 1.9579054997997827 1.111709497113822 0
2457909.43503 0.855988878824038 1.6740789373802965 1.18013 0.143456 -8.45928100403 0.980661885061 -25.7714830476 1.89756069138 3.0034867606572284 1.349171201824807 0
2457912.34365 -0.34436986238542217 1.4868977687992322 nan nan -13.0633009817 0.582004438535 -25.3618926022 1.90830365187 0.7692125636666886 1.3682601391496043 2
2457915.44803 1.4046772999342396 1.789875637110262 -0.299383 0.167325 -12.5197565731 1.4433084625 -25.1051479032 1.91976963681 -0.14837317495297292 1.0452357737737348 0
2457920.35979 6.388404671500816 2.2782389804218006 -1.41666 0.511103 -3.6009010982 1.78434817697 -24.2944503097 1.93791117665 4.88589038853045 1.321078407458925 0
2457920.36667 0.10173812946375142 1.491274949041885 -0.37022 0.138079 -8.87250697833 0.677978700902 -24.302208728 1.93793659752 4.854485629517516 1.3210526274614873 0
2457921.39117 0.3599480634305006 1.3118027210640375 -2.84733 0.169606 -9.1645663436 0.704196168064 -24.1588447834 1.94172058366 6.777542344190766 1.0936946286048774 0
2457934.36978 8.457499660525576 2.1682837811200195 -2.98041 0.409558 -4.63058033627 1.61444208791 -21.3354061866 1.98965693728 3.299120400805692 1.388269982708118 0
2457938.3631 4.257129780981566 2.808201238511492 6.10431 0.395418 -11.8303100438 1.00518930469 -20.2541129612 2.00440621065 -8.799708700600299 2.592148387533216 0
2458064.69929 -1.432039350839077 1.3892489049258632 1.21762 0.38195 -9.01506428058 1.09430260159 25.8141660644 2.47102768213 4.1247747230203435 0.7659167928077258 0
2458085.61762 0.7615431803917923 2.47089667164485 -12.7454 0.461372 -22.7639916278 2.17271913608 27.0040018631 2.5482893174 2.068023209289475 1.082477618846256 0
2458088.63432 -0.00921553946541161 3.979902222585225 16.3173 0.434076 8.3611153804 3.64822158127 26.842580139 2.55943149224 4.890046762546678 1.530254561024065 0
2458089.6129 -1.0073929117994833 2.0944560118398634 6.00766 0.336237 -7.65842051295 1.95608034488 26.8045805511 2.56304585675 0.17471387698074864 0.6689098218114865 0
2458090.76138 -1.1514913968539693 2.08822904655093 7.3552 0.351845 -6.29010216044 0.828338040347 26.4878413056 2.56728774062 0.33534883063523624 1.8843465015086416 1
2458095.6013 -1.9925218095220725 1.2480644182225262 6.8267 0.501376 -10.2411037885 0.741876491172 26.2831005371 2.58516393224 -2.2639985763966606 0.8694286460099476 0
2458097.63284 -1.1529425504427775 1.9451453044977474 -12.2467 0.483237 -28.3184119156 0.804730558646 25.9988912419 2.59266740922 -2.1149894394759547 1.7036669232635167 0
2458105.76183 -3.7898200689684742 1.3891274396156175 43.5841 0.404731 30.4845120825 1.12101883052 24.4379525847 2.62269177187 3.46398771444974 0.7135717502459328 0
2458117.55347 -0.2505915028049656 1.2126432854808495 1.69447 0.29945 -9.94516094113 0.831231255986 21.933862384 2.66624407836 1.341163818186232 0.8305949881822617 0
2458118.58511 -2.987559458875539 1.3404454090209172 7.62096 0.364058 -6.65679776557 0.985748671544 21.5986315032 2.67005441437 1.436194613856804 0.8321990289294392 0
2458119.59208 -3.372749810150841 2.051072046901105 5.09675 0.448139 -12.1516055874 1.80043594121 21.2950377499 2.67377364176 -1.1529320841678923 0.8743559914827532 0
2458120.54426 -3.109137448367773 1.1772456340695265 3.41786 0.438765 -13.2180285221 0.871822401137 21.077067195 2.6772905409 -0.8075942797509602 0.6582691384130187 0
2458127.51591 -0.9666324584593187 1.6171921648172165 -2.06152 0.277554 -12.1355397924 1.24528349687 18.8791983257 2.70304023252 3.5860197684405843 0.9937521257708808 0
2458130.65466 -0.04917598089571169 1.5267019054345097 13.3741 0.333322 -2.15735070885 1.12764577558 17.5535015159 2.71463318748 -2.800460580523022 0.9737197529030623 0
2458131.495 8.588490622726962 6.509652420451533 9.32521 0.370658 4.99325917684 6.4577327311 17.4947789828 2.7177369909 -0.24173110190569588 0.7320350098752992 0
2458132.44959 -1.532803811632458 2.494942910743223 5.89484 0.284996 -7.97652678753 2.05811381204 17.1773008073 2.72126273405 0.33662162491372527 1.38118968449615 0
2458134.51642 -3.090586227204102 1.2513457049098242 3.73736 0.371546 -11.6650819641 0.862381317484 16.3418948581 2.72889656053 0.35569503748536807 0.8271143248267442 0
2458136.7638 0.5172630054427803 1.465840336967567 15.1419 0.549941 3.65641257383 0.98484586404 15.0478634293 2.73719721887 0.6564996844384869 0.9361257469343192 0
2458138.76186 23.614968485472737 1.1630990747944545 nan nan 11.9431729658 0.827520620548 14.2533169459 2.74457705457 0.9800747606785286 0.8173182246564488 2
2458140.73519 -1.0902504118435732 1.2098953756568083 -5.20431 0.538858 -16.4181849327 0.751620774941 13.4870908087 2.7518655071 2.5209573069248403 0.780092998654495 0
2458149.45426 -2.458721194017077 1.2320950122968806 4.84891 0.47944 -12.2010585574 0.834623285902 10.2329705562 2.78406932477 -1.9788693532016555 0.7691549755133514 0
2458166.5824 -1.1413828735649862 1.290802643138728 -29.6589 0.454977 -48.5813012493 0.584283681714 2.17300361387 2.84733193722 -5.231902978053749 1.0572511396487823 0
2458169.60783 -2.0680783023208176 1.309678767431443 -51.3139 0.26619 -67.4576776387 1.00346380508 0.69673523584 2.85850634929 -1.5377583507979145 0.7984120174836091 0
2458170.69915 -1.7905732199564834 1.4630252250819875 -31.9444 0.339312 -46.7176302956 1.04399487767 0.043512847578 2.86253711258 -0.4487468533622495 0.9671529720153554 0
2458171.47049 -7.361580099097492 1.7537480572339028 0.919775 0.429459 -18.1946905928 1.59213538111 0.0691708186734 2.86538605944 0.7781757816787602 0.5969104989903707 0
2458172.72918 -2.3626466607516092 1.6064126331838215 6.2608 0.386444 -14.5155913525 0.719128576435 -0.93679444152 2.87003500495 -5.887332361867125 1.3835015986517267 0
2458177.71574 -4.115296793607374 2.369022522907133 -1.70764 0.510617 -11.848422038 1.52994810774 -3.23620650907 2.88845280806 6.482509282488642 1.7351647705529334 0
2458186.69948 -2.557982430706201 1.726054162053 10.1374 0.288767 -4.06945595407 1.47604857534 -7.29407058389 2.92163418053 0.8259396309874675 0.846851340722392 0
2458187.49887 2.616971778432477 3.7243383291695977 6.05432 0.48697 -1.67472613889 3.5448666023 -7.35125712657 2.92458669555 2.1258427220487897 1.0331877762894779 0
2458188.65124 0.10016209632269706 1.7254079957659443 -12.0111 0.39537 -19.8681700283 1.47224358504 -8.11607426068 2.92884299266 4.510372217658569 0.8082166425221344 0
2458199.31922 4.421007789843828 4.742450280849459 3.03939 0.409367 -4.67662434445 4.68113970346 -12.1407862306 2.96824506126 0.29118013933743864 0.6404564016086911 0
2458199.32203 2.5897878583438274 2.2005979102651843 2.88876 0.277549 -6.6584639084 2.0869627004 -12.1449011369 2.96825542876 0.29118013933743864 0.6404564016086911 0
2458205.48074 1.1080018047515634 1.3771293505223692 7.24838 0.55724 -5.39803111383 0.853953067901 -14.8192258321 2.99100257755 -1.3489681612702977 0.9255987188225775 0
2458206.40202 -0.9542719917462766 1.4240615912610595 -5.94943 0.191075 -19.2560894223 1.31893477161 -15.0182054962 2.99440531224 0.04965459202754253 0.5018494080144918 0
2458207.3829 -0.9287256422268166 1.9086088212974606 -0.324051 0.473732 -11.6884934786 1.16637816341 -15.3479163038 2.99802816337 1.9627023351080832 1.434547874711247 0
2458209.44176 -3.248974636627228 0.9718982279467587 12.6388 0.221985 -3.0763701627 0.741064151114 -16.2030665985 3.00563256051 -0.07538075169150435 0.5883304761729352 0
2458211.40916 -4.605394792946413 1.3784904264355407 4.60838 0.310708 -10.7305207218 1.03332114757 -16.8383932232 3.01289911373 1.6500422923276803 0.8578716690131581 0
2458212.39958 -3.1295087795593153 1.2030440229630879 5.77395 0.184043 -10.1633774436 0.989448096379 -17.1643119767 3.01655723066 -0.4279285598594175 0.6591172580810025 0
2458215.31861 -0.5094197247413972 1.3299873135209157 -1.75413 0.45885 -16.1595096963 0.929052938741 -18.0125722031 3.02733862734 -1.5268512640773377 0.8337766899159024 0
2458216.37069 4.0476183033246524 1.94422916868658 3.25058 0.476852 -5.2141895953 1.66574342436 -18.440216772 3.03122450387 -0.14716506764338652 0.8820079787935926 1
2458217.36123 0.8739274595125898 2.1412244128003466 4.62452 0.514724 -6.84873070346 1.75679399456 -18.7418431986 3.03488302725 0.014386144668677613 1.1106646885894906 0
2458218.35992 -1.1329051556520147 2.614480732784884 1.21744 0.379542 -11.8393415123 2.07979563165 -19.054891466 3.03857168164 0.4339992966332817 1.5381506762705823 0
2458225.36253 0.49490984386910414 1.0726730979675076 -0.902958 0.463418 -13.4013870844 0.639365325764 -21.1031833921 3.064435778 -0.6613273713878373 0.7260050362008829 0
2458229.45223 7.244016918383363 2.4899259804507574 0.488502 0.373104 -7.38982989461 0.904317271231 -22.31052899 3.07954102008 -2.805442498202096 2.289701960138071 0
2458237.44247 -3.6978997726633898 1.6712484751795054 0.186006 0.38008 -12.0336900481 1.37067051569 -23.981844187 3.10905291645 3.7655981429446554 0.8774240689721199 0
2458238.43552 2.5323227822829844 1.6592800677585378 9.00608 0.367999 -1.22278479137 1.48722948309 -24.1496754538 3.11272073694 -0.47746097570171736 0.6371307117629205 0
2458241.42351 14.623252619065127 4.463134939792292 3.00044 0.41093 5.50303884008 4.07588167314 -24.6305481677 3.12375682909 0.1520367268131388 1.7714114746143523 1
2458242.34742 1.4792637584798112 1.9742002795603595 7.42336 0.344104 -1.46472502718 0.969747212397 -24.6338077368 3.12716928843 1.9019292608014553 1.6848292272648082 0
2458243.42126 2.384618785828305 2.3665716634911003 16.3438 1.4421 6.61315945211 0.941507933357 -24.9286941681 3.13113551373 0.1500524874529607 1.6231364206005225 1
2458244.43167 4.892818895805235 1.2470253740949977 0.0100064 0.381295 -9.05358052542 0.813275402504 -25.0883748217 3.13486742872 -1.6948259150239688 0.865025737359396 0
2458244.48274 4.856639215905235 1.2999867632607365 -1.08812 0.291701 -10.187697961 0.925530434376 -25.1701183565 3.13505607304 -1.6948259150239688 0.865025737359396 0
2458244.55652 3.9135525969052356 1.4254075575087308 -1.09589 0.386914 -11.1382820704 1.06480737005 -25.2461000548 3.13532858254 -1.6948259150239688 0.865025737359396 0
2458246.46298 2.796268874954698 2.016876024276138 -0.362776 0.412374 -11.6148742692 0.942891798108 -25.3992996529 3.1423700633 -1.7942898725734322 1.7345580527870061 0
2458246.54196 4.505115289154698 2.069719558494792 0.509933 0.255164 -9.03302713062 1.09997215666 -25.4886928549 3.14266178773 -1.7942898725734322 1.7345580527870061 0
2458246.59661 5.6368524631547 2.2940333048285066 0.647462 0.245349 -7.76355912933 1.48111479412 -25.5105425302 3.14286361494 -1.7942898725734322 1.7345580527870061 0
2458251.38402 -1.72789693151192 1.6160341758320969 3.07954 0.244428 -4.99767797338 1.20779006256 -25.7875816077 3.16054587264 5.886580420393186 1.0454972860110983 0
2458251.41328 -2.47129756491192 1.8691757038621921 1.70067 0.49039 -7.11984052976 1.46978599965 -25.8401842161 3.16065394963 5.886580420393186 1.0454972860110983 0
2458251.49685 -3.75768914311192 1.8876018085931283 3.02263 0.471898 -7.08396343485 1.49909582427 -25.9571574066 3.16096262278 5.886580420393186 1.0454972860110983 0
2458251.55833 -1.7191256773119208 1.8312591420090387 4.66266 0.415931 -3.40514291004 1.44479994234 -25.9989874555 3.16118968181 5.886580420393186 1.0454972860110983 0
2458274.34585 -1.087177835496389 1.6486243354613959 0.410779 0.468781 -12.0948068154 0.92406191079 -25.6895474783 3.24535516916 0.7326841857776558 1.2823089169724695 1
2458289.42373 0.9634279148613918 1.6596851053927233 6.46738 0.428154 -4.15701211499 0.960761608609 -23.6682325205 3.30104517332 0.5075821317198752 1.2838130443177946 0
2458293.38281 5.000282648033615 1.3675813742977967 4.03217 0.332669 -2.1413914649 1.02949980876 -22.817890555 3.31566797656 0.9069352453876535 0.8365048090241244 0
2458293.38526 3.921467686193613 1.3517870310388065 4.87793 0.400668 -2.37443738478 0.983388547596 -22.8195081013 3.31567701855 0.9069352453876535 0.8365048090241244 0
2458301.37291 1.4150697457690466 1.695546509588222 2.91497 0.3745 -5.97728279336 1.58622887187 -20.8803841066 3.34517935545 1.7439454403122199 0.467445913699255 0
2458307.35987 2.9522539144547344 1.779050120148353 -0.00288444 0.401491 -5.27695390298 1.48982089638 -19.1864429739 3.36729213463 3.8028318228065325 0.885583425559331 0
2458316.35493 -1.2571465481059836 1.3466309345106202 -0.915994 0.449302 -12.3215342729 0.895246754188 -16.2646406272 3.40051528416 1.8475383259872495 0.9000421299532908 0
2458399.71288 4.688535259221337 1.4161678863238638 -2.70961 0.313622 -8.49090555064 1.20610957927 18.5193766592 3.70839703565 1.2182194893599296 0.672660691705541 0
2458413.6925 3.914465954239031 1.1456814449042274 -4.26558 0.310636 -13.1384236209 0.809438373942 22.6481362241 3.76003061264 -1.1508928528577658 0.7489330861245003 0
2458417.66324 0.16273796170378443 1.3447079317917325 -6.60176 0.426987 -17.755502805 0.928226609874 23.6114406839 3.77469652296 0.30527004527748247 0.874252185797885 0
2458420.68527 3.0645440780890243 4.851560739364811 1.99416 0.384222 -7.0583773911 3.96418298725 24.2499774763 3.78585837293 -0.5064925072077571 2.770427459089134 1
2458424.72218 0.7569843845077091 1.680674404041587 5.39074 0.489754 -7.12658740851 1.00265081819 24.9853392424 3.80076862965 -1.6786330878264428 1.2567811299734222 0
2458429.72605 -4.239102104140335 1.4332011624336898 28.3676 0.483002 15.9609618506 0.833878225634 25.7696343658 3.81925036951 3.409660920121602 1.0608589655608864 0
2458434.64026 0.6043437345655494 1.742526690776501 5.63048 0.244532 -2.92030525356 1.4665893632 26.4446812358 3.83740098969 2.4039173570157173 0.9086908213461128 0
2458450.61321 2.706092681155037 1.3911507932387337 11.1254 0.36366 3.33452368266 0.850287236346 27.0171877417 3.89639691058 1.0030814258262288 1.0392610594245373 0
2458451.59544 -0.40780407212607545 1.2450038046225447 5.66296 0.390597 -5.45538698118 0.849856680072 27.0009615904 3.90002477186 0.7858796540073417 0.821712894174762 0
2458454.63239 -0.07345681555509294 1.411650868410407 8.14375 0.392349 -1.85049473752 1.22610732486 26.8174855819 3.91124170495 1.5644177079363586 0.5792074450733985 0
2458455.7518 -0.2254737317564863 1.1503811165248021 12.81 0.310987 2.7129495123 0.843340287599 26.5481362928 3.91537621838 1.6094943605377534 0.7179421692594573 0
2458458.69916 1.4009743979881428 1.2396194567425782 20.5024 0.543038 11.5875557205 0.635212564903 26.3899855368 3.92626227707 1.154366380393124 0.9155714748064505 0
2458466.74634 -1.786543127942462 1.674719158787707 15.0698 0.574159 2.50734878191 1.30944893924 25.2299466298 3.95598444245 0.6645548023237287 0.87199150171746 1
2458469.60506 -0.257744816718666 1.2661328211691327 7.86272 0.547037 -3.73207420331 0.994022837283 24.9640972144 3.96654313109 0.09285481719993334 0.5619265436226772 0
2458470.65827 2.4234858469732243 1.3359695780532306 8.08622 0.389032 -1.40444943688 0.919356471456 24.6818084798 3.97043313034 -0.4881410792919572 0.8878358490458681 0
2458471.70761 0.5226025637976934 1.3551817586584785 -0.408749 0.363147 -9.00807560391 0.873656838156 24.383369067 3.97430886139 2.3002093057835724 0.97023996234753 0
2458472.52389 12.408541313781916 3.573687037038747 1.97826 0.354909 3.19601506871 2.5956977147 24.4680897307 3.97732378343 0.22833730636935134 2.4305620778511123 0
2458475.53837 2.241094267850166 1.2750965742608644 -3.95757 0.440645 -12.9136910376 0.922139109029 23.8057311237 3.98845774375 0.21077428573109994 0.7624714560328057 0
2458476.52794 0.6038342104240795 1.3152461764038432 2.16508 0.402556 -7.36580769502 1.04697107108 23.586133568 3.99211269081 1.2696127386571874 0.6867843531482871 0
2458477.5174 1.7330570052024057 1.2877108351705528 1.64825 0.41989 -7.21555053682 1.08130200767 23.3593604165 3.99576726996 0.8038225228788615 0.5591757783850386 0
2458478.50802 1.6245181163465974 1.466794756067661 7.66775 0.345332 0.899512396908 1.24675657502 23.1242647166 3.99942610379 3.0042655116346686 0.6912529991695726 0
2458486.7441 2.178886234032507 1.4341655155097288 6.34446 0.643543 -3.01593876311 1.02111921611 20.4731413052 4.02984597909 -0.1726836413512408 0.7745958168741569 0
2458487.55479 -0.08654640215936911 1.1143011452514466 5.51662 0.412487 -5.31988408874 0.707776075644 20.5491696298 4.03284024494 0.6136494033406348 0.7553638486744296 0
2458488.60752 1.2771358881219197 0.9303371151935368 3.36255 0.386161 -6.96730391966 0.640227664967 20.1364036206 4.03672849846 -0.2472709713406534 0.5536382997925129 0
2458489.72208 3.601691930986826 1.1044118541789607 -2.14632 0.325912 -11.8102941979 0.807216900618 19.5636782567 4.04084513518 -1.9100639292055592 0.6796379825047816 0
2458492.58457 -2.2761335015751016 1.113797259688429 -2.13214 0.321752 -14.9260472769 0.832991742172 18.847509909 4.05141771964 0.8272558399563678 0.6656911773928065 0
2458493.54889 -3.0712408781699305 1.3324468224755628 -2.31671 0.380818 -21.6360647822 1.14535986918 18.5651317529 4.05497942417 -4.906645993348803 0.5643960982102721 0
2458494.58555 -1.9788821729468222 1.3234465908885316 0.162152 0.327456 -16.9660973867 1.14298949258 18.1424704546 4.05880831287 -3.8117281917719117 0.581255939196904 0
2458496.62321 -0.7054088537521612 1.1175416655075943 4.57027 0.712613 -7.54780019237 0.609804647786 17.3368411905 4.06633438538 -0.08254838906657283 0.607635069688018 0
2458497.58924 -0.5446687373521535 1.1838948253622048 -2.62664 0.56916 -14.6017512098 0.75748379314 17.0391463319 4.06990241159 -0.10389754906658076 0.7098465714853219 0
2458498.53249 -0.8309280173551914 1.1285456488488366 -3.22973 0.521848 -16.6913100072 0.718903917765 16.7733556754 4.0733862796 -1.3075909345635417 0.6960367112835544 0
2458500.67055 -0.7675626171325831 1.3668215273984734 12.3133 0.475803 1.9570860668 0.906906132108 15.7171153338 4.08128320937 1.7265128094138498 0.9051706250738104 0
2458509.66516 38.54008853049091 0.8772906252297429 nan nan 27.5710847687 0.555893253229 12.0847839538 4.11450470814 0.3129388649903535 0.6786910432077854 2
2458510.45573 0.9836713191833466 1.1191190306417327 -0.246215 0.43198 -10.9655791881 0.805278715335 12.0879896084 4.11742466359 -0.4240128360020798 0.6460238965958932 0
2458511.66465 1.2745862513327175 1.7498685372687641 9.5318 0.289178 -1.20513240276 1.34210419123 11.2319890893 4.12188979418 -0.7369611133514514 1.0849757241148896 0
2458525.63809 0.8719153702955817 1.3403065203775233 2.56185 0.383454 -8.37045163004 0.712310299755 4.96328187283 4.17350054847 -0.5812702139143147 1.0686433620779265 0
2458528.5763 1.3796546257003985 1.4503709719387283 7.40248 0.379098 -2.61761442107 1.26288272785 3.70530680656 4.18435278578 -0.1876544976191315 0.6041422666476944 0
2458529.43703 1.4593905181715285 1.1844104343459871 0.0933794 0.544433 -8.85327263211 0.813860243936 3.53587782865 4.18753188295 0.8028729016097385 0.6663724850559325 0
2458530.47499 3.050792183316125 1.450171335742148 -0.929837 0.42621 -9.46635224978 1.03500353521 2.99785682043 4.19136560211 -0.38222570033485875 0.9220138941564491 0
2458531.41922 -0.9389303829528028 1.2900399589983138 1.30693 0.290909 -8.61873335384 1.04092262542 2.633279424 4.19485308287 2.21486128113407 0.7043118183211442 0
2458533.51769 -3.053932171735468 1.127898721424681 0.80839 0.285173 -13.3790071035 0.808407427589 1.50321775916 4.20260377407 0.06037862901673601 0.7330138585883661 0
2458534.40161 -1.1539883005068803 1.320573462067308 6.75879 0.309421 -6.22383171676 1.09034489681 1.26413310249 4.20586852678 -0.6380546081118519 0.6777321886115404 0
2458535.42301 0.28306517822938587 1.1024991716186103 1.81094 0.410024 -9.018224806 0.816239750412 0.763855831198 4.20964106296 0.07457628765187983 0.6173632744917092 0
2458536.64084 -0.14997604230469327 1.2111928267508107 0.229985 0.540709 -11.796582411 0.809228213295 -0.180638932415 4.21413909527 -0.6942831291140407 0.7209518289719308 0
2458537.65249 1.8831305628534636 1.1441955927659808 -2.84602 0.360613 -11.6296656801 0.820877744949 -0.671278090927 4.21787563221 0.5117954597278034 0.7108456559495496 0
2458538.49808 -0.385520978940699 1.3007406153003331 1.64768 0.536361 -8.56209480677 0.935956199231 -0.789887429991 4.22099880464 1.3511947024219662 0.7267936564688713 0
2458539.55692 0.4037801306990359 1.12390094805374 0.295272 0.345867 -9.03578971878 0.859154124221 -1.39507426834 4.22490961465 1.4366958707822302 0.6366973772379796 0
2458540.62607 2.348741737053832 1.210642515684252 -1.93254 0.516283 -10.8643515617 0.737648502951 -2.01866678718 4.2288585114 -0.11296447527256599 0.8093094901129905 0
2458542.5706 1.8253142750948945 1.2059531840661333 3.88371 0.466251 -6.17907895455 0.684219617294 -2.82934342847 4.2360406072 -0.7276965019136278 0.8767990661885964 0
2458543.73772 1.148212242177718 1.2937176290040628 nan nan -8.69878981208 0.549342679735 -3.5920688713 4.24035135453 1.309093926103548 1.1712932697738272 3
2458544.66436 0.5751471041640359 1.029718753175427 -5.38444 0.370508 -12.1678942077 0.762856208746 -3.95368343425 4.24377388927 3.7940721338172305 0.5840333358239947 0
2458545.61798 -3.4654556501371343 1.109734086265088 4.62825 0.384909 -8.33846787674 0.738065637431 -4.32841203717 4.24729609406 1.6478890142184008 0.7339032080463072 0
2458546.53869 -1.6683209034729392 1.1137885312231892 -1.68786 0.474024 -13.0600377374 0.895163172232 -4.61359146488 4.25069672025 1.4418937806542056 0.46315120078346617 0
2458553.62717 0.7552286988880909 1.15744226195163 8.69172 0.521737 -1.14638676287 0.872257142179 -7.98207232302 4.27687792603 0.5262339470931757 0.5537423322250781 0
2458554.30615 0.8227055017045737 1.1997604438777156 2.88391 0.385532 -7.70214107368 0.811586939826 -7.78796843334 4.27938574672 -0.2916949872233066 0.7950577581366542 0
2458555.50163 -0.622983322767043 1.1434228332114253 5.07435 0.449926 -5.91897727668 0.664285296745 -8.59509015726 4.28380124623 0.7423021347483095 0.8146824010380276 0
2458556.68485 1.2730794858485768 1.0930148597637457 12.8373 0.353952 3.31849890288 0.684156403888 -9.38198389703 4.28817146277 0.3163952891326895 0.7754543702756139 0
2458557.67392 0.3440034161649076 0.8789371821366867 3.03689 0.304735 -7.54095867965 0.654952179896 -9.79853594636 4.29182455452 0.18277068451635853 0.5007042959342937 0
2458558.3362 1.7419718689882964 1.4742507921322747 2.81806 0.398338 -8.20391648283 0.68503802782 -9.55768136239 4.29427070183 -1.6617717188070298 1.243167380644754 0
2458560.35314 -2.22383948720126 1.2380189700966524 1.68932 0.261916 -10.4409384564 0.96421238771 -10.4290824708 4.30172025993 1.1883081056825266 0.7310167239198229 0
2458564.64115 1.06475032664354 2.017279294016584 3.069 0.42389 -5.45889273438 1.55093908728 -12.6592663643 4.31755797379 1.4862463000377268 1.2183271176079362 0
2458568.64631 4.774387951372296 2.1225908015209773 3.1721 0.487148 -1.0576269718 1.98692584099 -14.2446223995 4.33235097469 2.059981437018971 0.5658659198180316 0
2458569.65947 1.9587920694847658 5.46272044882063 1.46915 0.37098 4.60467625208 5.18872876781 -14.6435816124 4.33609309216 12.237088425306501 1.667567784439489 0
2458570.46189 8.290589029560063 1.163645139300662 nan nan -3.16453006586 0.771180033519 -14.6678015078 4.33905682344 -0.3977285839787977 0.8714076922541428 2
2458571.62745 -3.41714611344575 1.5613956422028172 7.47329 0.513762 -2.88829028614 1.15351165307 -15.3646075562 4.34336179123 4.108651370927016 0.9183767337465739 0
2458576.6425 -0.267902786462435 2.431411781685647 -3.35563 0.398478 -12.3270742658 1.77235629505 -17.1926489831 4.36188481585 2.331021039743701 1.6160853006662452 0
2458586.36577 -1.4722394147894682 1.5234251933314398 3.60245 0.516954 -9.27045710024 0.7784654365 -19.9109158667 4.39779761965 -0.4020179702292649 1.2031518797454235 0
2458587.50936 -1.7274040627674638 1.4656069633792528 2.21244 0.334476 -8.78336581752 0.963581289725 -20.4996393087 4.40202146423 1.7260241158487306 1.0524450934007445 0
2458589.38647 -1.4743307267649908 0.9223924055093081 4.14587 0.350534 -6.99295748987 0.547437745462 -20.8026218787 4.4089545413 1.3229960304462567 0.6544047519914159 0
2458590.5378 2.7348080734584768 1.6357386375248697 4.6411 0.320158 -1.48899162335 1.11230212273 -21.3693135688 4.41320700251 2.1183406355227894 1.1558216701076 0
2458597.59871 5.479708569316942 3.9472321897913414 14.1798 0.450387 12.3420173529 3.49449149051 -23.1267478036 4.43928637743 3.639669741004324 1.7794164023935137 0
2458598.54882 -5.7510145485535284 1.5719485150508343 4.36928 0.354824 -6.72425345208 1.02445983897 -23.2988017172 4.44279560816 5.6111328232347955 1.13824606361759 0
2458600.3321 -1.2926695709917997 0.8900123877109257 1.59314 0.41215 -9.76221835087 0.641900930608 -23.3224668352 4.44938214478 0.8843764102730652 0.4584949542389126 0
2458602.50284 3.161218276633574 0.9908286026068004 4.37236 0.283262 -1.22611721545 0.715059418351 -24.0444508531 4.45739975671 2.1793520860476923 0.6246550946946137 0
2458603.40277 0.1671392247807926 1.191539505909159 15.2689 0.476935 5.18552317793 0.831048918895 -24.0514448128 4.46072363871 0.6852076493004746 0.708277554579617 0
2458604.48735 0.6699593639402828 1.0802698544185312 4.86116 0.462682 -5.63408874552 0.858954864623 -24.3841047134 4.46472950865 -0.2334902832590156 0.46379399067181515 0
2458605.53232 2.8008690023291156 0.979535694076951 0.969547 0.337923 -7.26386320542 0.727118508743 -24.6125156159 4.46858911162 -0.10642098444784943 0.5626694378445688 0
2458606.46687 4.625518140305327 3.4130423458889307 0.459154 0.288852 -2.04759378985 1.91261148926 -24.6862425174 4.47204083684 3.792140567885941 2.8119992653026893 0
2458610.48455 -0.19695486945390914 1.201258481998242 -5.0773 0.632371 -3.86749815339 0.59696487349 -25.2893765188 4.48688010526 12.316323945685175 0.8287109259273984 0
2458614.43086 -0.8597264873773871 1.2745557876368823 41.8362 0.524207 38.7843333335 0.888014385553 -25.6596313114 4.50145574763 8.702851408168653 0.7490860618052845 0
2458615.36092 -2.0270806280851494 1.2537876202159717 1.53461 0.413391 -9.71019842702 0.809430240876 -25.6262315259 4.50489092665 1.6738286092664152 0.8636631072822806 0
2458616.51185 0.6054259174199212 1.5570760898126594 2.82669 0.331267 -2.96327583098 0.791452650121 -25.9420519888 4.50914186966 4.491913716861345 1.2993655477936101 0
2458619.44782 6.303174777294441 1.393969847831097 16.6047 0.458671 12.1005367866 1.1727495313 -26.0792305018 4.51998584894 0.06912349528682717 0.5978556575474065 0
2458621.46853 1.6263086743543962 1.9619116923229505 2.25464 0.548797 -3.79537589005 1.57206495738 -26.2113457451 4.52744931204 3.1926734584268694 1.0375601722502519 0
2458629.46483 2.8755356965106937 1.6300979163214244 11.1664 0.380917 3.68761811801 0.960839169668 -26.3492645727 4.55698358097 0.4851461753705722 1.2605195539687706 0
2458632.40514 3.1790943053118457 1.845144850112396 5.41207 0.222866 -0.831641501971 1.36389796907 -26.2179887262 4.56784357761 1.4057979499694213 1.2225680324226549 0
2458633.35081 2.2402409466346795 1.7078690261109897 7.76188 0.355178 0.0644332710267 1.07459576987 -26.1002265693 4.57133640105 0.8874232582465876 1.2790266338233567 1
2458636.42875 0.6415874403231139 1.7517321792557632 1.15127 0.335842 -8.81563245945 0.737273953025 -26.0550606708 4.58270474014 0.20525269495815218 1.5531268129379787 0
2458638.34926 4.793783559272883 1.6173340489801178 0.634019 0.322256 -5.9389552716 1.23946452556 -25.8098993776 4.5897981173 -0.5601086132916163 0.9877490502758141 0
2458639.35605 1.7490837321914574 1.9917342961959994 1.0489 0.32076 -6.69678461055 0.90559440819 -25.7389794851 4.59351669764 1.3081622944898093 1.744711235964101 1
2458640.44624 -1.3277871589171188 2.1034150028023326 7.36168 0.393618 -0.483089747796 1.61715535791 -25.7493631831 4.59754332539 4.281921420598386 1.2861679876481091 0
2458643.37866 2.077682309198468 1.3310402676992317 9.86485 0.247043 3.17522026508 1.0786102105 -25.3653426702 4.60837418987 2.020761100882799 0.7397553407562925 0
2458644.42104 0.8709226230831812 1.7270940156579457 10.596 0.416093 3.09998538032 1.39289531616 -25.2875648269 4.61222418193 2.4172859101980846 0.9325036152781562 0
2458645.36788 -0.49135720969828695 1.4522805511215537 1.35776 0.430238 -6.78196097737 0.873136400069 -25.1053681047 4.61572132194 3.132362245279553 1.0777972394635855 0
2458647.37453 1.3596594170349015 1.4227142841660738 4.27605 0.521305 -2.11743632417 0.991529424405 -24.8397077467 4.62313286565 3.020168728046365 0.8770555466365044 0
2458650.40654 2.5231029233532127 1.6334599694357967 27.6611 0.281016 20.0074880643 1.32922290736 -24.4091422405 4.63433157745 0.5854008983280539 0.9068560756978528 0
2458651.37011 -0.18671667903582204 1.467322411309558 32.562 0.449282 21.6982458695 0.809027945998 -24.2107281518 4.63789050541 0.08151937791708856 1.1387073925301248 0
2458657.37616 4.96194539096904 1.2844734072773136 11.006 0.476783 5.43172710514 0.797423855684 -23.0908435158 4.6600738075 0.2001552415122264 0.8869414294637398 0
2458658.37363 1.4287889503061701 1.0364732480830097 12.8982 0.434923 6.29128216338 0.84471074509 -22.8787463555 4.66375792937 2.6969826185750962 0.4142252227844772 0
2458659.41667 1.4700075908972028 1.3233529232500545 0.930626 0.412975 -7.40991188311 1.06161020064 -22.684332175 4.66761039918 0.9182914616840632 0.673571370199703 0
2458660.38875 0.5702228557986024 0.9423739690460241 4.83547 0.394579 -2.69039743635 0.667219906372 -22.4486111931 4.67120075643 2.6291562862826643 0.5359045687775822 0
2458661.37517 5.838838757226957 2.529777652508878 5.26184 0.407856 2.74205848491 2.38378868552 -22.2104340473 4.67484410949 2.3629829530643085 0.7422802416525142 0
2458662.39112 1.2965798340513284 1.5352022863250991 2.85586 0.220915 -2.62457165449 1.20251197512 -21.9826795692 4.67859652444 3.9408393219299382 0.928443629094343 0
2458663.40512 1.9838779261833293 1.7322465293237963 3.775 0.482437 -3.11077066363 1.53179195994 -21.7438010264 4.68234169299 1.844457052097937 0.649265716675372 0
2458664.39165 0.3146317785267169 1.3203586716912727 7.40687 0.347659 -2.21203609454 1.03602373051 -21.4891784492 4.6859854612 0.7769240006545503 0.7410364845607237 0
2458666.36469 0.034270719493520604 1.122830123135514 4.2014 0.388271 -4.25619926564 0.861597099731 -20.9569485328 4.69327285666 2.211304493087747 0.6063361721964217 0
2458767.70413 1.7147999642573144 1.8076223214054234 8.67938 0.458137 0.845638102214 1.37890026079 19.4093326652 5.06756907747 0.7803363953239526 1.075287411289173 0
2458771.71306 0.9101166877060449 2.0779764109720706 -3.57699 0.35891 -9.5874535548 1.5304851845 20.6346850865 5.08237600698 3.3934910853752216 1.358964560423697 0
2458775.72283 3.5660481523236895 1.535463074298479 -12.3481 0.347034 -17.6684377282 1.16395679064 21.7688020366 5.09718604962 1.4128754047575773 0.9393715159073913 0
2458785.73204 4.342226870891875 1.1556798868409686 1.75833 0.394398 -4.14115397609 0.771118409264 24.1770970972 5.13415498047 0.02058150738939063 0.7651291507572671 0
