2457563.61623 8.221200688619458 2.658525717647949 7.63933 0.215816 12.8663633419 2.55758987408 4.77355831265 0.0 0.06651724500784573 0.6927600461513636 0
2457571.53336 5.999185992292539 4.452909668249407 11.7712 0.371992 9.56388062263 3.09649778483 1.55848164484 0.000773671957523 -5.146594449915235 3.1783215592654055 0
2457573.52095 1.5416907522784173 5.313469121257886 2.86006 0.2531 -0.554572371814 4.61821555021 0.721925718648 0.000967901015937 -1.8966064334011135 2.615526643777111 0
2457583.5528 -4.165866445704172 3.3388105384956903 6.05725 0.340872 -0.697348572079 3.02122089532 -3.69274105816 0.00194822579939 0.47000423953147563 1.3797414226056204 0
2457595.46284 2.204667487213522 2.2837015918349146 8.846 0.424191 12.3957731833 2.10223902738 -8.48496187644 0.00311208871672 4.402678199073781 0.7848222906151622 0
2457608.44991 4.489772091601511 2.795038482401116 -23.2011 0.383069 -24.0529212431 2.49466667486 -13.5736618182 0.00438120058284 -2.2852899435662066 1.200889853676281 0
2457612.39413 10.062769132494438 2.250790034642955 -12.2956 0.28642 -1.89480009959 2.09428512171 -14.8780276538 0.00476663431921 3.393948725312866 0.7732976093464674 0
2457614.40718 -7.983533046717831 4.102511915252122 -2.00649 0.429068 -11.7482415324 3.80492918682 -15.6131865696 0.00496335167064 1.297502754355134 1.472758822580819 0
2457615.43756 6.217314024947445 3.1196561075082903 -0.989504 0.377996 5.51733840331 2.55167242657 -16.0362468875 0.00506404223667 3.3451489278298587 1.7545201852852372 0
2457617.43258 -10.70786686288784 2.286769030503853 2.04582 0.368222 -14.3733304152 2.1197354964 -16.6965807043 0.00525899778525 -2.655857958404855 0.7748848836527441 0
2457618.41266 4.371835664068042 2.5868580455339383 4.11663 0.508766 2.27758301291 2.36129419857 -16.9751251697 0.00535477203356 -3.155552831490738 0.9258949253366519 0
2457619.39554 -2.5461797585728636 2.4902611137458712 2.58885 0.407313 -5.1391541851 2.31586377231 -17.256266071 0.00545082058966 -2.126590655409833 0.819921656473668 0
2457620.37154 0.8315709448948465 3.704721022415801 3.26319 0.313844 -2.39028677068 3.58160217303 -17.5150405358 0.00554619658459 -3.429909320447543 0.893636207714383 0
2457621.46025 -3.8860523779598446 3.0855797575802235 2.547 0.457061 -6.51970297209 2.84665268181 -18.0577387379 0.00565258599826 -2.125618588422852 1.0993025933787715 0
2457631.46933 18.740517275719686 3.201522610839072 10.3229 0.302043 23.1814383484 3.08075534873 -20.9792918756 0.00663068533499 -2.827925020912381 0.816984415446925 0
2457634.47491 4.205684957278839 3.5199172047650653 11.0208 0.399093 7.93102875286 3.43621082263 -21.7477777587 0.00692439432188 -4.2416960070315355 0.6503822631409149 0
2457635.40532 -16.169415907520364 3.733317915859318 4.75403 0.541421 -18.5342012935 3.63462637687 -21.8415204039 0.00701531556367 -4.065146109872336 0.6587997132622804 0
2457881.63817 -0.6174207934519553 2.4355917486319116 nan nan -0.432169420401 2.10893357582 21.4178968461 0.0310774816124 3.2148584831452593 1.218403192208113 2
2457888.59284 17.861412558397454 2.835130101605484 3.11663 0.572741 16.6803529917 2.61995761441 19.6821672931 0.0317570999584 -1.26876207499015 0.9196480515175306 0
2457893.55372 -2.9161649342481897 1.8005393702476797 26.6235 0.431285 22.2713945082 1.53728877224 18.2964243406 0.0322418828901 1.5925021512854938 0.8322730941858885 0
2457936.50727 -3.6457569479709195 2.168598834186954 10.286 0.525728 -3.85798460643 1.72149570149 1.72311763432 0.0364393546046 -7.473982421321777 1.2094972192570144 0
2457943.51569 4.964921847378321 3.318617342516365 16.5634 0.498056 10.1945797454 3.01959200709 -1.31916465924 0.0371242254285 -8.310181735741017 1.2834427909539234 0
2457955.50022 8.22346139068673 2.6630582754438588 19.6239 0.448823 18.194103406 2.44976396495 -6.40996105586 0.0382953683876 -6.630868761329427 0.9429177106784219 0
2457960.44318 -4.178635259398234 2.1657678746008653 6.95975 0.447386 4.6109216208 1.98726918065 -8.34715358031 0.0387783996654 4.851713072245539 0.7356340512176017 0
2457969.43337 -0.48132551640988774 2.3530343336892297 1.5461 0.402924 1.19233974921 2.22520321823 -11.9080496928 0.0396569321377 3.1485929251871916 0.6503025936838901 0
2457975.39202 6.012972826048852 3.179344445812135 nan nan 6.61669390886 2.99726912327 -14.0420697013 0.0402392184706 3.6241664560484512 1.0604757931271975 2
2457986.41994 -1.737114276760698 2.6342214462661944 0.362528 0.276345 -4.27066098339 2.50610472527 -17.8959251117 0.0413168795748 0.12329300549800154 0.7630171524562678 0
2457997.33614 0.8616889360013826 2.2445038390801337 14.0067 0.540854 1.10603310465 2.050959956 -20.8493216087 0.0423836235249 -10.744054863194078 0.7340556471976 0
2457999.33776 9.40277091452957 2.6307490011470116 10.1318 0.440213 6.37604827379 2.27625711641 -21.3540376152 0.0425792250339 -10.140417274062267 1.243264397339076 0
2458001.3795 -6.9338177763637105 2.2818679873256755 13.5002 0.533287 -6.04976108649 2.0297587746 -21.9362075255 0.0427787453489 -9.598237463728987 0.8958826955236024 0
2458021.32397 6.682259405304038 2.094473834009444 2.19595 0.422896 8.60900733614 1.93643917035 -25.1891518086 0.0447277427335 2.7467547798032674 0.6768921288478073 0
2458304.51552 -8.748590828128798 4.890289247477648 -0.58186 0.458391 -4.86102502354 4.45437351287 0.536751327202 0.0724015570504 7.4577088392461 1.9655440017823205 0
2458315.47171 8.821245910487216 3.2064179081033233 2.4779 0.39134 11.5659257076 3.01228364534 -4.11051850264 0.0734722092016 3.253992179630088 1.0267015368791033 0
2458327.46529 1.5922792925159404 2.898876276547005 2.30757 0.533306 3.68624052747 2.66632816207 -9.10380430601 0.0746442355897 2.7724315910713635 1.004869399099158 0
2458333.37377 -3.754454279278092 1.9493323808656249 3.3398 0.412189 -0.290495443149 1.72046787251 -11.2462260992 0.0752216192557 3.109621808585396 0.8185274943689803 0
2458352.41461 2.4394671179518634 1.9832269878423285 4.6366 0.335276 5.60931888881 1.87220080497 -18.1074471815 0.0770823126333 1.51685404992744 0.561821533046356 0
2458386.41466 -1.1006390976444052 2.879666083191438 5.21747 0.403975 0.967841080265 2.75611822691 -25.3270239013 0.0804048383272 -0.1687100687082909 0.73013236425593 0
2458617.61188 -7.950949243869374 2.211507714068532 4.78304 0.492505 -4.90597834755 1.77825778708 20.0551499322 0.102997703966 1.2196177840566789 1.2190178165466221 0
2458629.58025 8.46722205004944 2.649129258276142 10.8457 0.500032 16.911650677 2.3402541906 16.4555778621 0.104167267346 0.5552459512578635 1.1362500382546565 0
2458637.56368 -4.032439381447533 2.240330202928292 7.04623 0.455684 -0.67780687077 2.12257267661 13.6643161221 0.104947418096 -0.7358603157151629 0.5532781784962602 0
2458645.51576 -12.307449246419297 2.5877385300189237 2.85382 0.565144 -8.98815614196 2.3721055541 10.7048134229 0.105724504831 3.4204331913266013 0.8660936434668383 0
2458658.50222 -3.7843553844194804 2.604927176396034 13.0009 0.352566 9.12963136692 2.54966936951 5.4125678304 0.106993556617 2.866777786426784 0.40066059969519835 0
2458683.45931 -5.093637471495999 2.5229822317121227 0.522091 0.466815 -5.15490280239 2.22115577625 -5.22717123356 0.109432392966 2.3678958678433024 1.10181219585989 0
2458693.38501 -7.626441214717618 2.376435783929227 8.22778 0.519887 -0.513156987258 2.23221698191 -9.18800049733 0.11040234446 1.8357864747049217 0.6279903566565277 0
2458698.44163 -2.0315924276943536 2.3203639322836027 3.92547 0.54975 0.378254880689 2.12029367073 -11.3414473247 0.110896483241 1.434165416851657 0.7656490486090343 0
2458704.43186 -9.620882577336767 2.4889698961690083 3.69053 0.395167 -7.3342721193 2.32844205617 -13.6005561018 0.111481855429 1.5452831943440717 0.785602811369484 0
2458711.37783 9.432721123221702 2.7734480448627328 5.55096 0.409821 13.985424636 2.58419485915 -15.9428109104 0.112160624573 1.9502674799256017 0.9197813519745706 0
