2457395.28616 -5.561163718887893 1.1905317157701756 -12.8558 0.163212 -25.0506028167 1.04211904815 -28.9253970472 0.0 -4.148780862179047 0.5520104154744642 0
2457412.30258 -5.1870952456991715 1.0992329903644937 5.02177 0.337468 -4.22954964613 0.766185549526 -24.9661407869 0.012160461462 -1.59152662625777 0.7123118837830075 0
2457585.67441 -3.2254224358313364 2.9216299758941546 6.26426 0.233334 -1.53521114264 0.958693303868 26.411108586 0.136057307656 -2.2252477788256044 2.7499789289385004 0
2457611.59926 -3.1655811937384586 2.253849731896112 -20.6328 0.376975 -19.5787062861 1.91743654433 18.611531888 0.154584005448 6.5499491377815175 1.1230162785067628 0
2457622.64777 1.4546298973680316 1.9600217436600922 0.302242 0.27331 -1.5078739824 1.71595643558 13.9129383343 0.162479611293 -0.9423672554249726 0.9069070463416211 0
2457632.54444 2.265885007585924 2.217127386020738 3.23286 0.250617 2.33967858847 1.89535211162 9.57936318644 0.169552075501 -0.8437602589928653 1.1227133820068016 0
2457633.61099 2.180412432205041 4.8339969295516445 49.3838 0.183691 43.8147944098 4.77941380351 8.91119856642 0.170314271361 -5.4348740581219825 0.7007050922255185 0
2457634.58279 3.721484831568657 1.8682183722409178 11.693 0.308667 8.32818983638 1.72084281656 8.50211779277 0.171008743017 -4.772445502565597 0.6585321330003187 0
2457645.55009 0.8387960827194278 1.5969860592168375 4.67368 0.398141 -0.567279985905 1.05691921528 3.10810940071 0.17884631691 -3.773744149896369 1.1290571242501661 0
2457647.42611 1.0716247204157836 1.825518863391357 8.29592 0.259408 2.80400338712 1.58875241302 2.43362316546 0.180186978509 -4.258870076172725 0.8608672256667027 0
2457653.66449 0.0700436686512027 4.32018779089613 6.42494 0.354677 2.30720361213 4.2545707207 -1.23059536853 0.184645118171 -1.8875669390681438 0.6609498898318384 0
2457657.42972 -4.915536208125725 1.4417706870913232 4.84464 0.3431 -2.78788947991 1.18040345716 -2.68686607984 0.187335870006 -0.41947090616121563 0.753414084335995 0
2457678.36637 -0.7146193922829884 1.7454798262190439 -4.43561 0.288278 -3.38651085738 1.53532747682 -12.9815541891 0.202297841678 4.046278928854047 0.7786945212192021 0
2457679.32526 -3.7548536405531836 2.292458725480206 -0.261667 0.308278 -2.96561758733 1.75805756103 -13.3483435023 0.20298309509 3.3327781937662424 1.4385983785854504 0
2457684.37809 -2.5143297356492713 2.682140042708543 -0.937838 0.390794 -3.22338205926 2.14790436966 -15.7733350003 0.206594000084 2.50704991194233 1.5580956572308362 0
2457685.34578 -4.499949064259969 1.8726384819723834 2.04042 0.190756 -2.34007960128 1.64706202411 -16.1360513486 0.207285546505 2.3970221521030277 0.8703871100732342 0
2457688.44605 2.7220963218421694 3.0157287833628597 1.18653 0.455038 6.7159650396 2.87486405678 -17.7260551618 0.209501094587 5.082695858800889 0.7891243047680354 0
2457689.32035 1.1838791759740823 1.6441639259809555 0.395409 0.432441 3.64846364101 1.47479903433 -17.8191389423 0.210125892337 4.343907808328977 0.5841554633574109 0
2457694.3273 -0.571779465091639 1.59193015090726 -2.45756 0.521524 -3.31528841115 1.35678562981 -19.9025607132 0.21370401451 1.9852052750646978 0.649143341286136 0
2457695.387 -1.9832877838043916 1.5773254133578558 1.8778 0.309983 -1.55117040452 1.4344966346 -20.4572044663 0.214461306519 0.8247143083974505 0.5780012151065591 0
2457698.37249 -5.609565668184655 1.8717647530425396 -1.34085 0.299912 -10.6277220252 1.70064320753 -21.5657051851 0.216594831073 -1.4090429524422858 0.7220586982070986 0
2457704.39776 -0.8301736694280677 1.4636183776967897 5.42962 0.327063 2.50734696348 1.33694073714 -23.7423620267 0.220900674934 0.1718581936111268 0.4977931447277709 0
2457705.31303 -3.5030572003885094 1.6242243607059346 1.55423 0.386664 -3.09256948778 1.41013585185 -23.8469732924 0.221554752872 1.119561195361568 0.7071864000070238 0
2457711.28437 -4.378810616800635 1.53462040457137 -0.174974 0.303313 -5.76223593605 1.16850110726 -25.6000377574 0.225822057592 1.0505848587836935 0.9474524645030373 0
2457738.33812 -3.24432266182862 2.662618144295776 0.203707 0.271531 -6.99673306552 1.90581325779 -30.2836402904 0.245155505232 -1.7164146732883219 1.839478764430881 0
2457754.30122 -1.9874552302992659 1.3995464760842498 3.50087 0.705125 -2.01107031257 1.05957983414 -29.7782218045 0.256563223376 -1.2961900700176752 0.5820821661820903 0
2457762.2983 -0.7615705697953141 1.458417615078743 -1.27683 0.391654 -3.96652369284 1.15310591499 -28.6374550574 0.262278182201 0.29445693038837295 0.8024561253175653 0
2457936.65345 -2.789554757041805 1.5747293365225785 10.6145 0.346733 -2.10699939876 0.972201811839 28.7868666961 0.38687774519 -7.8339641513251355 1.1892738738705666 0
2457937.65331 -0.13170370201996495 1.6584386679045164 14.7009 0.307604 2.96231640998 0.962203040874 28.6745621322 0.387592277499 -9.509613929846976 1.3152809215200434 0
2457942.65636 -0.6729490372011411 1.8804496705830704 10.8369 0.410169 3.53800037504 1.45585383639 27.9903299251 0.391167611151 -4.5322599632758 1.1172922456109502 0
2457943.63641 2.9234741643775273 1.8415179369130228 12.5808 0.50046 4.50891516141 1.13235036478 27.87908786 0.391867987779 -8.902368755114468 1.36327207546331 0
2457944.66357 -0.6763271257794969 1.7317785542198265 12.4075 0.275716 4.77097584543 1.06404913402 27.6500422679 0.392602027178 -4.867940820327445 1.3382216141542502 0
2457953.66277 -2.604951178693428 1.31057575284367 0.58046 0.357321 -1.37294104236 0.983811383089 25.8315724254 0.399033134088 2.737375237876487 0.7886987190288768 0
2457958.67948 -1.545844008964514 1.629403911537218 11.0963 0.40451 3.82644768212 0.832304031225 24.5042844697 0.402618229816 -3.641768303092427 1.3411184759147186 0
2457962.59259 -0.05242653351926063 1.2017928656892884 8.72085 0.304491 12.4313495787 0.923540253897 23.5659106407 0.405414657271 5.84236969061232 0.7061619661038085 0
2457990.50268 -0.2932286411852083 1.2782654781439884 5.39667 0.296638 -1.03382363891 0.967484085735 13.0623820459 0.425360066452 -4.0777668285417334 0.7809885232331253 0
2458000.51674 -1.4172641024635013 1.184946047316664 12.1717 0.350998 -0.50352946028 0.866658732607 8.3105231892 0.432516420829 -9.205623543003439 0.7278737392184176 0
2458005.48991 1.7290821988683973 1.282714774916608 -2.00822 0.309278 -1.12254654419 0.959084377671 5.93126252603 0.436070403148 1.2053790894266616 0.7936381222074969 0
2458007.51805 3.413240658644906 1.210038272016416 11.2364 0.277573 14.1785153981 0.89719013771 4.85615311132 0.437519771815 1.576213203318153 0.7630175005922988 0
2458009.45774 0.6922946578499631 1.9797508613128008 5.54125 0.422868 8.82513450869 1.796804671 4.01498852075 0.438905932806 4.637542153663095 0.7156040118249104 0
2458023.42428 -0.5919963009390232 1.2121996107731918 9.22724 0.246523 8.67675081845 0.758925630876 -3.08287931951 0.448886854972 2.077478500046082 0.9125164073203675 0
2458027.40659 -4.9292327566932554 1.6101258826593636 1.60491 0.255232 -0.168712964874 1.47794351695 -5.07907214128 0.451732735498 5.1887352919563146 0.5857003883345733 0
2458034.53842 -1.6912222291941073 2.233639484075579 -27.5707 1.35284 -32.3918650191 1.1244450071 -8.95559393515 0.456829364 -1.1019139182828346 1.3764420457149023 0
2458054.43652 -2.6313264234291367 1.7069819651169755 0.621267 0.456526 -1.19301739767 0.947272193598 -18.0358156945 0.471049160326 2.830851101062196 1.3446363195250026 0
2458056.27499 -0.6064286646444752 1.3262322579960677 -2.19642 0.357794 -4.90171425023 1.03228575467 -18.4593845237 0.472362986585 -0.08637033654246591 0.7518387968232535 0
2458060.31029 -2.647597462273966 1.2963167854264015 0.702221 0.285102 0.404595438997 1.10039462125 -20.1441198457 0.475246733975 4.359583402928025 0.6231257780786009 0
2458066.41414 0.22617473398561372 1.8129929452634188 3.90689 0.312472 5.32700833308 1.51727235668 -22.6607456348 0.479608735574 3.1991930991504454 0.9419072483242945 0
2458081.33342 -1.1145187360940707 1.3619911954835748 1.51965 0.247252 2.8532687252 0.93308968231 -27.0043474775 0.490270511715 4.44272518521513 0.960848640441254 0
2458099.26231 0.7528936434550992 3.2077648666185756 -3.17127 0.509073 -3.32275758456 3.02771592924 -29.839191157 0.503083047784 1.0773939598359596 0.9292665774560046 0
2458112.34225 -2.283273450601788 1.1752849136714412 1.01016 0.442218 -3.01223333931 0.931239383091 -30.3578828027 0.512430376054 0.23330797087484664 0.5643855775536148 0
2458291.67002 2.651706480585183 1.7608267700239078 5.71849 0.367381 8.79297138966 1.56870347409 29.4093253882 0.640583529749 2.2670496149578754 0.710430521063432 0
2458293.67252 3.378830082643695 1.8741280835066294 5.88349 0.373498 8.57698772061 1.61348078579 29.3380238467 0.642014574247 1.1575112993593633 0.8772314810138593 0
2458300.65394 -1.6077042281577827 2.0031756618036143 5.29982 0.292505 5.9157828369 1.75953283683 28.9044426346 0.647003715518 4.061521585177042 0.9117004733759574 0
2458302.60944 1.6343419013946976 1.5903204787251968 -0.811927 0.33527 -0.431842725466 1.39353117239 28.79230805 0.64840117193 0.5821994368423613 0.6890458066918297 0
2458303.6574 2.7973468337629894 2.0850068648325037 3.16162 0.270668 5.92676406413 1.82938662099 28.578453319 0.649150077755 1.8035053882400696 0.9629834116376981 0
2458306.60739 2.037660170689449 2.2230101486864826 -2.23907 0.242842 -1.06082832367 1.89628497776 28.2981766338 0.651258233824 0.9741815074476093 1.134418426918336 0
2458314.58321 2.114546335573025 2.237060580710711 -0.468293 0.378736 2.40184552515 2.01037829414 26.9553909355 0.656957995861 2.5834924293500343 0.905195116260656 0
2458315.58216 0.9658758497141002 2.354379499188016 1.2379 0.504371 3.86710828771 2.00696096307 26.7461582739 0.657671880143 3.4905187934889588 1.12286259768174 0
2458317.58175 -0.5261777571785673 2.31498441599601 6.28443 0.245602 7.47111441057 2.01505708081 26.3011421539 0.659100848063 3.538619555321626 1.1128240943433232 0
2458318.63559 -1.8868200427190434 1.621063101974642 7.98365 0.323095 7.83148886586 1.1148933802 25.9415941635 0.659853953326 3.5596631908891023 1.1315776386717173 0
2458319.5437 -3.1787672663094373 2.0961865046386348 5.58613 0.363176 4.05799846297 1.74708103584 25.9020067403 0.660502915327 3.4749910495924965 1.0999131372285853 0
2458321.62723 3.7923740259753878 1.5625675496554077 3.49818 0.31358 7.60213458115 1.31077078441 25.2149818253 0.661991871498 2.1344469193076714 0.7906736884359011 0
2458322.56327 -0.1726190903421141 1.2030197377782734 3.02335 0.42115 0.664066183488 0.83331436834 25.1018749543 0.662660794627 -0.36446728516482696 0.7586015624175206 0
2458323.67411 2.277708166423339 1.1963126700397964 0.831635 0.257106 3.04318553161 0.929023518677 24.5622369478 0.663454637429 1.7552459633897197 0.7085025130561976 0
2458326.66684 -0.3758936399165098 1.3109422644065754 6.69582 0.325154 9.42656843003 0.894214601787 23.7337778765 0.665593333876 4.925906971709568 0.9017897442547106 0
2458327.65907 -0.8875421193210378 1.445260203938504 1.55518 0.424267 1.84690847945 0.908288498905 23.4589969984 0.666302410559 2.9978264238490966 1.041050706047543 0
2458328.67582 1.6945098161824046 1.4622956927486384 -0.257626 0.450097 1.36509832642 1.01911655748 23.1136393399 0.667029007708 1.746043738158654 0.9471656802813958 0
2458329.67781 0.5973060464786267 1.2912854950093036 0.786472 0.488038 0.323102864639 0.84410839844 22.800639065 0.667745064257 0.7564379895344321 0.8465920811464763 0
2458330.66282 -0.6515395561542177 1.3596038226250016 2.59524 0.501797 1.32834455312 0.860311476558 22.5258166118 0.668448984103 1.2010533608072764 0.9255195776380437 0
2458333.64508 -0.09686639948836606 1.2657610588622632 3.33843 0.33699 4.52298105707 0.87170212916 21.5926636354 0.670580195522 3.095695496666425 0.8536534402502036 0
2458334.61066 1.16458395450048 1.3720570053729102 2.29405 0.230354 3.30759615033 1.12056863398 21.3448410909 0.671270232747 1.662550198717579 0.7574981169721517 0
2458335.6647 -1.3474946746677514 1.3286055907320264 2.57293 0.395107 1.95554656382 0.911094410034 20.8551251702 0.672023482209 2.54294599191081 0.8826042432934382 0
2458336.65618 -0.6010763852148009 1.5469960248238017 5.50985 0.330987 4.14320043607 0.931736640748 20.5251763926 0.672732023128 1.04655303378786 1.1897525536595852 0
2458337.65823 -0.15906008165822327 1.6531395840389977 2.4487 0.34686 4.1824885701 1.00858850103 20.1606757845 0.67344811908 3.704258768311282 1.2630549712130714 0
2458338.62685 -1.350015443752328 1.4490847722893676 4.00719 0.366989 4.23905142373 0.945313674156 19.8791369812 0.674140326813 3.392594776304387 1.0351559344398664 0
2458339.68929 -0.49035193609326444 1.2682779890429186 6.98846 0.399042 6.41089691487 0.924663718605 19.3425030164 0.674899579498 1.7227475070963232 0.7709030725145379 0
2458340.6367 -1.7859897343705955 1.3999656886917213 1.50629 0.289654 -0.443395112127 0.853037606472 19.1016107587 0.67557662567 1.6455862322036547 1.0716022264546972 0
2458341.5999 -1.9775212223803165 2.2100742579627797 -3.87777 0.226105 -4.16103338932 1.21581547896 18.8162885648 0.676264957706 3.5028511109903753 1.831692516718072 0
2458342.67916 -0.7675406083885601 1.2082880911174458 1.54451 0.489861 0.212435158263 0.985515651076 18.2135412285 0.677036227508 1.2432877747816191 0.49875365993563986 0
2458343.60462 0.16139614876604136 1.052268647069991 4.26652 0.320715 4.25961274156 0.734680048309 18.0156189149 0.677697593739 1.6388572346910175 0.6816571139489811 0
2458344.68563 0.5553789589631128 2.12716046377184 6.77887 0.386549 8.19507619381 0.886634050019 17.3984806693 0.678470111336 2.667215359143946 1.894537297226107 0
2458345.66585 -0.130033147306027 1.3184077944099748 7.80604 0.322595 7.92938262 1.11372383673 17.041231546 0.679170611534 2.059063391401086 0.6274956524383085 0
2458346.6621 1.070851162654592 1.0699557724324007 -0.85929 0.373726 0.888530230339 0.776200764913 16.6387487316 0.679882561156 2.4819447421584666 0.6345444069826534 0
2458347.54622 17.426427480813725 7.19321879828655 -8.26855 0.441231 9.87025133154 7.11451320114 16.5343964982 0.680514377543 2.5167177088193333 0.96509781655801 0
2458348.64739 2.2502582910473024 1.0984058192923778 -1.15035 0.365841 -0.171093575746 0.947168419844 15.8392180771 0.681301310342 0.5325550584977566 0.41896024992548303 0
2458349.68948 2.1895002845304576 1.0186003291605248 3.81435 0.374573 4.18744666289 0.81575994593 15.3078248391 0.682046022789 -0.013591408791398857 0.481432662843782 0
2458350.59877 -1.5669744537030244 1.3947555387737496 2.21782 0.40562 1.24189215731 1.083029104 15.115938814 0.682695824807 2.3932090218360833 0.7796559423365905 0
2458351.59209 0.8144310455700394 1.3887915698732585 2.8022 0.42048 4.12398367245 1.04480788104 14.7005857041 0.68340568677 2.3088051757450194 0.8125977392769805 0
2458352.59073 0.9954771316432192 1.1520095434971807 3.19037 0.461445 3.96698653813 0.875745038991 14.2666685693 0.684119339587 1.5818783025283396 0.5892920557468383 0
2458353.58384 -1.6381520377287913 1.6679685782127514 4.98916 0.482583 4.24916686843 1.03722320416 13.8442100134 0.684829049869 2.69818809192185 1.2138372422896095 0
2458354.68265 -1.3468311765044565 1.4641071167643582 -5.8747 0.381038 -6.9342648344 0.97727419425 13.1395645484 0.685614292282 2.0865102854575155 1.0214474245689626 0
2458355.52917 -1.7639467144481087 1.5684540994850757 2.00043 0.375855 -1.33659638565 1.25548222077 13.0998179472 0.686219242199 0.22555932223116779 0.8617108995964619 0
2458356.50187 -1.504831199426213 1.1880370572373495 4.39923 0.30918 3.29663950406 1.0148019043 12.7187681571 0.68691436194 2.200184577179272 0.5348054524674817 0
2458357.48287 2.4181215125763575 1.870738826151604 3.17349 0.287595 3.64022516375 1.74868416339 12.3105584253 0.687615414459 -0.15414352765129885 0.5992132911982306 0
2458360.5803 1.4296455692821528 1.4894153955391523 13.0529 0.468704 14.6707077047 0.890507536473 10.6611118645 0.689828936454 1.9831914346189061 1.0980305589227721 0
2458361.56438 -0.6367195791497455 1.517324258735387 10.5984 0.559412 8.36775930624 0.84591395191 10.2352861569 0.690532186702 0.2004049343228045 1.1286100772005099 0
2458362.67036 -1.158005576337639 1.246690932327506 11.2098 0.352777 9.14642878125 0.687717387201 9.48359374617 0.691322554728 0.8881700384906975 0.9781776241355361 0
2458365.64177 0.29682572394828055 1.1927484927348173 5.76636 0.296681 5.30609907833 1.03652148847 8.11107501823 0.693446019457 1.0343255705647783 0.5101495419088351 0
2458366.57849 -1.0209934406673251 1.2335572126378862 8.82584 0.418159 5.91780106891 0.766921431909 7.79103511283 0.69411542749 -0.09630268227961605 0.8709982576606506 0
2458378.58121 -0.4944910618584666 2.0953318947921864 nan nan 0.198988359836 1.07743871862 1.741274189 0.702692940249 2.4756447170785254 1.797092528767483 3
2458379.59666 -1.9552897056318577 2.0518882872328583 nan nan -2.32159277178 1.12186632322 1.19040588474 0.703418613217 1.4151365562749163 1.7180400158634928 3
2458380.57222 0.4358515358726063 2.024132329483467 nan nan -0.18167371753 1.15027602555 0.743295586371 0.704115775247 1.1632172069834525 1.6655259686672743 3
2458381.56701 0.8455754555766994 1.1264715695540186 9.7012 0.303213 11.8487223332 0.930165121484 0.245904338885 0.704826683609 3.0819784296163593 0.558384205023787 0
2458382.46838 0.7445294960718878 1.56751357457257 6.84466 0.36742 9.05732168876 1.04922102134 0.0104068646845 0.705470830029 3.2475195982911713 1.1050957417560998 0
2458383.49347 2.82269724129839 1.1650803446842906 1.34862 0.217808 1.29245402748 0.974526326528 -0.571877614773 0.706203392439 -1.1002083706203307 0.6002252274022216 0
2458384.49307 2.175820472127419 1.3495224203823988 2.36755 0.516113 5.56829615373 0.957252374448 -1.08257733641 0.706917739571 2.80286617766564 0.7990657206712116 0
2458389.5901 1.2571847024136376 1.9837923287391688 -7.3753 0.16909 -8.22420559172 1.21128697068 -3.89854237693 0.710560231783 -0.3317922902805788 1.5619297199693667 0
2458390.49229 0.5802987916943 0.9692120635953095 6.27822 0.340354 5.74767979186 0.723194510988 -4.14748195787 0.711204967412 0.6628142683887589 0.5481978458365003 0
2458391.62736 -0.13296872748680832 1.1235097067650424 8.57683 0.243191 7.51562403844 0.890384545011 -4.99636755187 0.712016121683 0.8446048798698672 0.6405837655762875 0
2458392.54908 -0.22930504091070292 1.4229879653442676 3.60064 0.357337 3.14648158992 1.23858554696 -5.32396493672 0.712674809359 1.5473300571137618 0.6025868077029953 0
2458393.53429 0.9633839354663243 0.9966927662544864 2.17813 0.313289 2.52281235775 0.745112243507 -5.79380378709 0.713378871176 1.1527777867397346 0.5831416786322968 0
2458394.48199 1.3146235914067366 2.602895791833478 10.297 0.848384 10.457782326 2.20513119656 -6.15737307306 0.714056126511 0.6169608437373223 1.0921114859071879 0
2458394.48382 12.276305052995736 4.411954254034875 nan nan 11.1224650994 4.27465002568 -6.16257523959 0.714057438362 0.6169608437373223 1.0921114859071879 2
2458394.49066 1.5968877699357367 1.6200100652490086 10.4365 0.383859 10.8795527052 1.13330374657 -6.18193149545 0.714062327156 0.6169608437373223 1.0921114859071879 0
2458395.40027 -0.7307583907967541 2.161056845618155 5.2844 0.253052 2.26212994087 1.10106693706 -6.43963997113 0.714712358809 -0.5213657915101874 1.84222229260887 0
2458396.50345 2.6314211074893175 1.4580744438303728 1.38102 0.419962 0.921256289105 1.10292269131 -7.23367796727 0.715500724204 -1.3218273069562585 0.8562561178115398 0
2458398.53505 2.078662209924439 1.6445236383087796 2.22771 0.345094 2.42027592848 1.00235492042 -8.32961073501 0.716952570994 -0.11819061680638034 1.2572401288647168 0
2458399.45285 -0.03144381669596463 1.48855419332938 2.08018 0.29347 1.86761295261 1.2600602239 -8.60564676608 0.717608459033 1.5861265459040235 0.7361502412822912 0
2458405.44127 6.833167863460665 2.4896201916902005 -11.756 0.266845 -11.9368248048 1.26817072429 -11.5363615275 0.721887969358 -5.251022401984606 2.1257340988255597 0
2458417.47394 -1.2090212370948639 2.172187711288401 -0.204986 0.291385 -2.79428454205 1.97612943216 -17.1464400931 0.730486887156 0.37409404352792264 0.8534674581997109 0
2458421.54717 -5.796559724775817 2.9773329498373893 11.0975 0.425496 8.77250743171 2.45761988621 -19.0090868218 0.733397738924 5.223027653198876 1.6259056378120569 0
2458426.50648 -1.16386527969022 1.7327189654563278 32.42 0.342442 22.0097012935 1.07400383945 -20.9427318951 0.736941818343 -7.498517009476721 1.3158891453122703 0
2458427.43609 -0.48183567885882783 2.011546419864045 -0.532427 0.439735 1.74576266591 1.7686634733 -21.1640739632 0.737606140278 4.507277440121887 0.8513410874898487 0
2458433.5049 2.0106251144074414 1.4098329095409887 4.84413 0.296088 6.1890438827 1.0312043753 -23.5021417691 0.741943101198 1.0772039027326177 0.9146465248572524 0
2458434.36886 0.5055688386756623 1.4601180290129379 2.67445 0.418346 3.94324435993 1.0467582395 -23.5191364601 0.742560514133 2.5055232427513965 0.9280239603455832 0
2458450.36403 1.0685007931393642 1.393062418258922 3.34942 0.396656 3.99498522867 0.756918503416 -27.9235773877 0.753991157272 1.3079315138886947 1.1001642141129573 0
2458451.44604 0.10088152929472471 1.2614618656719039 5.0913 0.379294 4.26947315007 0.880035935912 -28.3111398593 0.754764392776 0.8073854636383342 0.820340692402701 0
2458454.40307 -0.4859208951648044 1.2479305925098307 5.12418 0.418939 4.56489213734 1.02453338485 -28.8060010432 0.756877576044 1.6546136920978634 0.5763264884879366 0
2458455.38388 1.647215832284576 1.2264339844991576 5.70443 0.404498 7.04999293012 0.915281581524 -28.9410115238 0.75757849164 1.425626841827483 0.7090707389562596 0
2458471.39998 -1.426078931151901 1.3902306859711848 4.72297 0.268406 4.20731733447 0.991437014964 -30.4955918947 0.769024094938 2.62626040631496 0.9368843176907665 0
2458473.37697 1.4485821004455008 1.4925787098179986 21.6435 0.536652 21.4645641634 1.12552620137 -30.4797765188 0.77043691309 0.08690338545855804 0.8203576085622655 0
2458475.38861 1.905753715637041 1.4041215372263602 -2.75922 0.360532 -2.27665486312 1.11987452686 -30.4832949001 0.771874490001 0.2897951668790177 0.766456138590788 0
2458476.34494 0.3285987590490962 1.1194833872469858 2.29188 0.366301 2.24386108623 0.800453796959 -30.3910454728 0.772557916012 1.3356826468069627 0.6916215371533935 0
2458478.381 -1.9500697955319921 1.283849517314245 5.55264 0.406289 5.1576243438 1.00851200464 -30.3850802145 0.774012947749 3.265899427215051 0.6827169018662772 0
2458479.34527 -1.0962274009493203 1.1496677130264303 3.8971 0.597383 2.80438920587 0.687380702511 -30.2824241907 0.774702046026 1.713672796422379 0.7016959252424804 0
2458481.29868 -1.3896645520366973 1.6061291356543637 -1.34575 0.289674 -3.30710975825 1.24925740322 -30.0768478074 0.77609800659 1.1370650228297565 0.9670034718717246 0
2458483.31676 -3.500794588716963 1.5046581992447212 3.49654 0.475554 -0.0109232179483 1.26730623926 -29.9587834337 0.777540189029 1.7006494173700226 0.6570993726719678 0
2458484.26229 -3.742690658830054 1.2733152454033387 2.36859 0.395624 -2.79316691303 0.867739791198 -29.7575618 0.778215896867 0.2875760845631125 0.8437067141912111 0
2458488.29997 -1.626819392149949 1.1539063632037416 0.346463 0.572103 -3.01760535918 0.844282656866 -29.3738122571 0.781101348012 -0.033492079416992566 0.5398007481826582 0
2458491.30416 -1.1754610530405405 1.1269427559308123 2.32724 0.46843 -0.81719075002 0.790372138213 -28.9329496496 0.783248234173 -0.2673596955164007 0.6525987997086276 0
2458494.30858 -1.3643414544499672 1.5110716848953831 -3.40732 0.51501 -10.2897623126 1.29779844064 -28.4068516243 0.785395283795 -3.818637906346974 0.5777729175657756 0
2458496.276 0.22935365235818927 1.0950706430231847 3.30906 0.487488 1.75566096629 0.769023518777 -27.9528217196 0.786801263475 -0.08469571390513038 0.6083896700594662 0
2458497.28559 0.42294236719742084 1.286525573980708 -0.691598 0.427928 -2.07938438954 0.986188014237 -27.7567333837 0.787522749495 -0.11339327059436188 0.7067240479133482 0
2458499.31957 -3.1969877789975536 1.3538596304868196 -6.0585 0.486021 -11.0338242899 1.07647811652 -27.3545303009 0.788976296107 -0.08245457132938747 0.6617509737658285 0
2458500.31708 -3.2307805976519264 1.377537577505795 4.88091 0.440848 1.83367054199 1.07900755967 -27.1127013769 0.789689142405 1.8787102328749856 0.7341699425313079 0
2458510.28479 0.10172237021323971 1.2056604194652936 1.2537 0.296956 -0.601217329745 0.974427425666 -24.2803261975 0.796812377005 -0.26859384133018077 0.6449227653264936 0
2458643.65427 -1.1297061834461404 1.6934865975134945 7.73291 0.265477 7.30887350638 1.5019753834 29.0104306167 0.892122316317 2.2984056091491993 0.735859202619268 0
2458660.62964 1.1608995764389498 1.5260837310187716 9.52488 0.323162 11.7677661234 1.39528156236 29.3525793627 0.904253438555 2.662591344054109 0.526960375692387 0
2458664.64097 0.631590109763386 1.481680645169711 9.26521 0.332553 9.12534683621 1.2413257282 29.0629739724 0.907120061742 0.8062849003396728 0.7374933714664268 0
2458666.65905 1.1959985375091635 1.572274868600659 3.10864 0.509035 4.92781727582 1.36315260449 28.8374008264 0.908562240729 2.199474733212895 0.5956060846534911 0
2458669.61799 -0.8648098608528816 1.7591696108179053 3.60862 0.367996 4.74529739833 1.3498953441 28.5796178122 0.910676789364 3.5756687054489404 1.066320413195996 0
2458679.63086 -0.9697651796312543 1.532354105100222 -7.84904 0.259729 -6.99155567168 1.24217831162 26.8784196345 0.917832292638 3.3942754509500133 0.8588614510544964 0
2458681.5916 -0.20651548830541944 1.1594343875713766 -3.62096 0.314245 -4.30104400824 0.925055010525 26.546418174 0.919233502989 1.0920562127084783 0.6243487859838432 0
2458682.62843 -1.201701675104727 1.223772548678158 0.182031 0.433158 -1.15012579389 0.955749008893 26.2407064919 0.919974452176 1.434428664677786 0.6297120214255088 0
2458684.62956 -1.7390168280335934 1.4029560852036151 -2.38427 0.317093 -2.67851195645 0.909370738458 25.7737873173 0.921404520284 3.0082285869366525 1.0201875643221434 0
2458685.57597 -2.7467808289131934 2.294522231003062 0.299598 0.290178 -0.989720870331 1.16492227007 25.6559856216 0.922080858055 3.0202393361562523 1.9553989622552739 0
2458688.65767 -0.24114140194433564 1.31535715808693 4.29173 0.468752 3.12042027804 1.01018828823 24.6877965277 0.924283132185 0.6304067834273946 0.6999683122517365 0
2458690.65598 -1.2959643029012906 1.5568125640523793 -2.73699 0.402682 -3.56858067924 0.971211420819 24.1414569237 0.925711185235 2.023520674054349 1.1481554522527049 0
2458691.60316 0.5975932400446109 1.3173086103833413 -4.87057 0.302759 -3.27405310146 1.16128192875 23.9908729248 0.926388073152 2.557393820981448 0.5431972430641131 0
2458696.53096 0.6485395536011589 1.62708598602491 3.71505 0.267282 5.47348352638 1.02334320399 22.6229054222 0.929909627942 2.6648425804659 1.236421378515523 0
2458697.67864 -0.5307310889340602 1.2972687065026596 6.43594 0.501449 5.25514899443 0.814493789834 21.9237515319 0.930729793477 0.9040685255271191 0.8763873935603324 0
2458698.57219 -1.0166096400824338 1.2930286246727412 3.37263 0.385049 2.37017301774 0.956356706199 21.8652331952 0.931368352631 1.5676425408254926 0.7804115211356936 0
2458699.52896 -0.0678487470899769 1.339214308995116 7.57184 0.434025 6.31899927425 1.06084049788 21.6234839598 0.932052088149 0.3678141688230359 0.6926288348490565 0
2458700.6081 0.9210770647121957 1.4080296589131072 2.32437 0.331768 3.51080154942 1.13254895175 21.081274893 0.932823276388 1.8173894439568632 0.7679911369662735 0
2458701.53387 0.07946324490145495 1.1413902682485553 6.26264 0.272819 7.20693107491 0.842741044875 20.9113480233 0.933484864207 2.416201201437804 0.7198118288644795 0
2458702.58542 1.8174500155256414 1.3530063037063407 -2.22378 0.455107 0.12992325974 1.07184568979 20.4250043242 0.934236334005 2.0868751458374173 0.6889488324358837 0
2458704.6003 2.476759202822815 1.334885639685186 3.16859 0.340298 5.39318912201 0.973092362864 19.6480595324 0.935676224896 1.297021929930244 0.8480614338420448 0
2458705.6405 2.527549297530303 1.5431505538910382 0.366285 0.509998 2.52724675451 1.00092949486 19.1627337394 0.936419588528 1.1818511040927557 1.0579961333994305 0
2458706.52214 2.2510932905297922 1.44715417787412 1.62959 0.323191 3.80087527684 1.00193804345 19.0880957797 0.937049634084 1.4680005878632665 0.9929365282496653 0
2458709.55287 4.265038690350188 1.503589508583932 3.41082 0.372599 7.40835332836 0.917893367931 17.8411790642 0.939215484081 1.2781373895628712 1.1311158917770745 0
2458710.50485 2.8978408147041756 1.095625817587849 8.60307 0.316652 10.3944444289 0.814064166024 17.5576222525 0.939895801847 0.43849604794088354 0.6613826250039871 0
2458711.55026 1.7481196758255864 1.4567763036974006 6.10057 0.445225 8.34213213826 0.978976499933 17.0416693584 0.94064288278 2.0376578152874725 0.9826377312983884 0
2458712.55 2.855665212651216 1.285336035411494 -4.74519 0.297193 -0.661437775655 0.993096130955 16.6320033375 0.941357326402 2.7715879209218426 0.7599507348231606 0
2458715.59803 2.003235452079771 1.4106382509867932 -2.19595 0.35717 0.347040299995 1.00713995971 15.2411311293 0.943535543415 2.081077540133288 0.9208685942116648 0
2458719.60954 0.6089566988576236 1.1770619471900359 2.96462 0.443033 2.96979930193 0.772794261532 13.4612166754 0.946402293332 0.9346785453734352 0.7694060162074502 0
2458725.64139 1.3435854638385794 1.4302988133398082 6.21417 0.36293 7.63651505202 1.06308406444 10.6160183463 0.95071283849 1.6129049853234796 0.8853749389210682 0
2458727.52124 -1.8727768355427517 1.1320288198611186 3.41576 0.51548 0.374088345586 0.890158544317 9.99236782126 0.9520562362 0.36390718056581045 0.47263874637480796 0
2458731.58559 2.352674345522664 1.2185487823972498 1.79116 0.441305 2.23743578781 0.892210131319 7.87168209466 0.954960749749 -0.376501071829605 0.7029026345301919 0
2458744.38824 1.2007760361830109 1.472580694881647 2.96595 0.359789 4.25115882203 1.22404901207 1.89159061117 0.964109912243 1.605181109238048 0.7353569163846652 0
2458745.43249 2.093184881514773 1.366425445514203 19.9635 0.32831 20.2982370885 1.16632309507 1.27925578653 0.964856165739 -0.23844572308271422 0.6316814703300694 0
2458746.54894 2.568057475989349 2.4964204958928615 9.53527 0.252977 14.4060079898 2.14213349096 0.446336115103 0.96565401712 3.8218847322937095 1.2567346723586543 0
2458756.4007 2.1239308599084623 1.668746247874292 2.36498 0.4355 6.45249112623 1.22878858303 -4.29276502891 0.972694392573 3.475744109384597 1.0416968887417426 0
2458757.45685 -0.35038894015329247 1.2913395283705054 4.37839 0.355408 3.34450922898 1.00296753775 -4.95771239357 0.973449146894 0.8279172578663513 0.7316413392447102 0
2458759.41593 0.799296174111376 1.2591620287083123 4.05802 0.351263 3.28736888902 0.996363683142 -5.86700663849 0.974849162755 -0.0599382122183172 0.6851005256786468 0
2458760.37787 1.5341085377963264 1.0977767529031797 2.72033 0.403848 2.66469062096 0.825372890856 -6.27709746582 0.975536597888 -0.08042627909326734 0.6006498007573707 0
2458761.58307 3.910655381311 1.258459387266029 2.92911 0.292454 5.0127029323 1.0245954414 -7.33001899407 0.976397868448 -0.3186020818279412 0.6696229302724437 0
2458762.53874 2.0590671790613158 1.3205340876743876 2.36621 0.463777 5.4837671826 0.922148506947 -7.72445447186 0.977080821865 2.5662674173017432 0.8236281333907933 0
2458763.45401 1.031719216230735 1.6233338440054879 2.76279 0.243011 4.1638156686 1.41052790172 -7.99185395692 0.977734899426 1.8764297885743237 0.7658782288526842 0
2458764.37084 3.579168425916129 1.5386655000277683 5.32906 0.356827 5.35962097192 1.22113206488 -8.26726260649 0.978390100248 -2.04213931861407 0.8654493013294569 0
2458765.38627 4.508240262991217 1.7384808439760877 4.63489 0.565074 6.96441985637 1.4474846145 -8.80228061954 0.979115755275 -0.672967926268158 0.7796122819678296 0
2458766.3475 1.2196897571068048 1.782185833235613 6.26272 0.574352 8.71989939933 1.45218059406 -9.20066410697 0.97980267607 2.7425452017862537 0.8587651870778531 0
2458767.43545 1.8338579201526217 1.8262375892765397 8.46113 0.501473 9.60652347113 1.3869246279 -9.92136543417 0.98058016398 0.8158136226274371 1.0770833947774419 0
2458771.41249 0.3372929607415782 2.0993394572551787 0.864451 0.389351 3.2423180241 1.55219636599 -11.7967656552 0.983422275268 3.5420100237214807 1.358792992697293 0
2458772.37937 2.547513648346312 1.5439091225763055 0.458801 0.453751 2.65086813279 1.16865105557 -12.1847308079 0.984113238526 1.1452984815567466 0.9011215895011951 0
2458774.33928 0.22808112576694972 1.3823952487994415 1.01513 0.473007 2.36976434815 1.21338465341 -13.0293983557 0.985513850137 2.625897607881109 0.4636579393360276 0
2458775.37525 -0.7366690399112743 1.646086716353578 -2.3801 0.318324 -2.91531276244 1.30212305371 -13.5891972824 0.986254188456 1.700060324654333 0.9553778633414628 0
2458783.38227 -2.3129770660934446 1.3803906492408866 -6.32867 0.4045 -9.34667455009 1.03829921508 -17.2349390258 0.991976253233 0.7878544983965029 0.8147348246456487 0
2458784.45162 0.6756445662272104 1.361187931307907 -5.76754 0.502954 -6.61730893791 0.992045709389 -17.858638191 0.992740438076 -0.03329570657415142 0.7846751994918919 0
2458785.37881 -2.584047545420743 1.3589602619385568 2.57292 0.407961 -0.989367138242 1.03551835472 -18.0880794988 0.993403036647 0.513215606163802 0.7797708336724726 0
