2457400.32058 -2.2025535909602425 1.1163501067621344
2457414.31114 -2.877218282796555 1.6819234520372928
2457418.32166 -6.277305339736146 1.2418179532271032
2457419.36054 -0.8290254471566414 1.689493424972701
2457421.27323 -2.656884379050955 1.0348239790146756
2457423.30633 -3.08712001086667 1.3280752645151213
2457427.30792 -2.1822271920278116 1.5410731397542587
2457427.31967 0.36505855208087157 1.5276352708157293
2457592.68299 -3.657098175510588 1.698860155219289
2457597.5722 -0.9347613464892188 1.5291510005937707
2457618.57195 -4.112766628107537 1.7157957247120121
2457622.48798 -1.625658562424466 1.5803808181451409
2457629.61276 -3.83938180802354 1.8152557580658457
2457633.59999 -5.897374121396144 1.5636685064627622
2457634.68768 -4.702392835441988 1.4414758655685755
2457635.61234 -5.8765864511168955 1.5270893029127655
2457643.51286 -1.0697402373758422 1.3275852190633544
2457644.43683 -2.873354359563206 1.220518757200295
2457645.56982 -3.6123246180666255 1.420008387933557
2457647.54292 -3.5074968632729506 1.2529911898774846
2457649.61771 -2.8083514861064405 1.5938832078655616
2457657.42221 -0.053095126501269574 1.823210926228709
2457677.46257 -0.3165271191522552 1.2589662141281233
2457678.42356 0.6081728580971444 1.346601041518128
2457688.47251 -1.3156837484799928 1.427584879362607
2457703.38422 1.970112181877606 1.1953501825235617
2457705.38947 -0.7391200024303092 1.2980659987009269
2457710.25633 0.744011503328943 1.709448834995207
2457710.2713 2.227875110930346 1.7526853017533868
2457710.27819 2.876110631006136 1.6728441136755887
2457710.29125 1.3628605466299113 1.6028663990038716
2457710.30524 2.64581607175246 1.5495133218587145
2457710.31755 1.6216810987957613 1.6180815127874308
2457710.33006 0.9973818377224746 1.6719319662271908
2457710.34427 1.373320542966998 1.6283271013684018
2457710.35717 0.5800629241752813 1.5721584510609659
2457710.37432 0.47665860006636485 1.6742620303251283
2457710.38698 2.0151443586598647 1.7077497812452
2457710.40101 -0.4048908903762143 1.602189281686102
2457710.4161 -0.2672057883406931 1.6260072023199819
2457710.42985 -1.0918276423629305 1.632468071913657
2457710.44344 1.6924588033204928 1.5721274590019723
2457710.45762 -1.106727786848799 1.6569763707463954
2457710.47082 0.45403744600305385 1.6351964200880909
2457710.48362 -1.5484093718153689 1.64631868684033
2457710.49689 -0.5892110256894767 1.6637622247755641
2457710.50937 2.046532035954571 1.6381790107195717
2457710.52183 -0.2554526075564938 1.6418230342939382
2457710.53542 1.2085261919169306 1.809240741407459
2457711.38398 0.5112009707367335 1.8672037304984932
2457735.26144 0.8539859841104966 1.2221081037878692
2457735.2747 2.595183468018834 1.1607754119760803
2457735.28762 0.6034562957133784 1.0884570439917998
2457735.29982 3.899038092521269 1.2223658905305432
2457736.25122 0.6142512040641577 1.4749160838656714
2457736.26331 -0.012112275733366262 1.5945633618415063
2457736.27757 0.6031802413289349 1.6025722467930084
2457736.29112 0.4229856965909853 1.5163949807125914
2457736.30346 0.990308374836953 1.5369317428728393
2457736.3158 0.28444928567292105 1.5589722684218141
2457736.32869 0.7532033911248008 1.5149355754015568
2457736.3469 -0.024347040633667882 1.5818460181528395
2457736.35933 -0.3362771431485492 1.5696382922797913
2457736.37267 -0.9803777293986171 1.5261879106972422
2457736.38508 -0.5402919809786095 1.5784326706551508
2457736.40198 -1.9366993500121679 1.5362246272035538
2457736.41496 -1.599556927841139 1.5476434590741388
2457736.42729 -1.9624285643227262 1.4851830472288434
2457736.44287 -1.347300180797778 1.6021997022134
2457736.45563 -0.21868946405757383 1.5360314064738991
2457736.47075 -0.6161705004682363 1.6267054589761512
2457736.48392 -0.31316484648019993 1.5808522223175612
2457736.49705 -1.5258405634023868 1.6065854992124693
2457736.50993 -0.5734124646692151 1.581121783969378
2457736.52367 -2.058962618649005 1.5992965326104671
2457746.27778 3.1878618246642176 2.6373264866870003
2457746.29307 4.796052751254302 2.707987425958939
2457746.3099 2.8558806101767047 2.638194825263872
2457746.32409 3.277349775566119 2.6274156316590633
2457746.34071 3.3805352553752517 2.63153845047421
2457746.35674 4.165427459028253 2.654304848965812
2457746.36669 4.375103316133571 2.6928948759110547
2457746.3931 4.025178909464834 2.659157492970529
2457746.40135 3.9999092372034912 2.634773459932619
2457746.41605 4.362888616686292 2.7045098462016757
2457746.43057 0.6980814283907912 2.6473999743072434
2457746.44652 2.4024518381710473 2.6543682591772653
2457746.45931 1.6368941952262197 2.6728492999699425
2457746.47462 1.2278004428514124 2.7483959163614946
2457746.49153 0.2511047785954117 2.658050388706076
2457746.50829 2.3305370655949256 2.708033053994758
2457746.52158 4.69515829077593 2.7537068860574214
2457747.30069 -0.9516172701864971 1.815144014288239
2457747.3199 -0.4730061154009999 1.777984763013661
2457747.33534 1.7219156699147182 1.7638569610518162
2457747.3513 0.6515659910736786 1.800057693392285
2457747.3751 1.3576700419046188 1.7645458763011994
2457747.38767 1.4642710633178158 1.779485724853083
2457747.40548 -0.6711788506709289 1.7395672269688194
2457747.41808 0.513928837296086 1.7338885706663074
2457747.4351 -1.666007248793352 1.831025674006586
2457747.44783 -0.41234965978581495 1.742532510837984
2457747.46267 1.3072368611762146 1.794396152060343
2457747.47547 0.280476619157793 1.8420328723640154
2457748.26837 0.563708391333259 1.2929714827309646
2457748.28649 1.7324541728456413 1.306436617965799
2457748.30472 0.18318204786228465 1.387378142948783
2457748.3188 1.1179603555051345 1.288465412090983
2457748.33415 1.0274796177017016 1.3877348634550166
2457748.34919 1.9230549382682944 1.2824350907375568
2457748.365 2.1014254360504703 1.309728113102245
2457748.37873 1.824232228463124 1.2692691243658631
2457748.39209 2.815019972258167 1.2876915829619593
2457748.40513 1.7629458779168303 1.2508398880170744
2457748.41946 2.2296371663731716 1.3386217236425324
2457748.43592 1.050528021059115 1.2594872340955066
2457936.65898 -1.348318900547633 1.3796734358655705
2457937.65915 1.1777262620526157 1.4712320081549655
2457945.50567 -0.2725263744074946 1.4530585961729956
2457946.61273 -1.3022820124600607 1.1665292759534955
2457949.5528 -1.105417981838466 1.1466270122970046
2457950.62492 -5.151264790226765 1.210789342364448
2457954.6545 -4.645904832375645 1.4873431240430974
2457956.62425 -5.420579832276851 1.6176047084177796
2457961.65862 0.0662941294929058 1.1662317115764635
2457962.64984 -0.27787182845775793 1.0562397541928596
2457963.47429 -3.7048074285576416 1.2252969899119805
2457964.68518 -0.7369250129362586 1.0040621974594683
2457965.6279 -0.8724984981991823 1.2508093825778044
2457968.60669 -2.794611929012521 1.0578216419489086
2457970.63923 -1.2622846438114412 1.0441978357802346
2457971.67241 -0.8982041037476844 1.0607978498499562
2457976.69337 -0.7672021361477823 1.5053266183158254
2457977.59366 -1.5080759349431399 1.4258438854982396
2457979.58875 -0.9463264311176289 1.1021639152110339
2457982.60316 -3.728074185776035 1.205303738787513
2457987.57477 -1.5239819656959788 1.0428235733808653
2458000.56214 -1.7215639673255396 1.0713153725114763
2458007.59805 -0.6112717587221568 1.0616421464783563
2458009.53871 -0.7437783873816886 1.1125469398997492
2458017.69234 0.2455046908278672 1.1374762441963149
2458020.68832 1.320039504868859 1.1159725685225483
2458021.71255 1.3804305307158762 1.1301960439018577
2458025.66839 0.36856156075521307 1.1184745687763848
2458029.71752 -2.456946710528741 1.934137309433081
2458030.47142 -1.024399421969034 1.8325557630414393
2458057.34242 0.9603127622622507 0.9996347112631557
2458060.43763 -0.6420010007279064 1.2150937688767875
2458066.35573 -0.24969469214938145 1.267679128897466
2458078.54932 1.287946560051137 1.0710970710117917
2458084.3189 1.4370793071107903 1.7392412789006162
2458093.45577 1.2543811972892318 0.854461455533621
2458094.289 -0.49356006984048206 1.029309216088037
2458095.28762 -0.39423948147278476 1.2260049159756223
2458096.26826 0.006170689753411951 1.3989985319802494
2458110.31368 1.1503091641650698 1.2865012258918365
2458112.35412 0.6842348810618655 1.1994157369945206
2458121.39221 -0.7443649275181574 1.2291383871866672
2458135.34903 -0.6812292951764374 1.5520840843579826
2458139.40407 0.05978482095229398 1.4295331689283624
2458301.64179 -1.0761206191232482 0.93394428840713
2458310.6526 0.3563898298790291 1.3380688363377802
2458318.64855 -0.31402003447153404 1.510446756573039
2458326.59033 -2.12985240039289 1.1547159385368113
2458330.67811 -1.0842256619345263 1.1689042535667606
2458337.54865 -1.2752535460093404 1.4520280308870959
2458345.59844 0.025211993611670147 1.094227430482715
2458352.4841 2.4201511758006093 1.0865394502243804
2458361.53073 4.0372345790970305 1.3891536840221006
2458386.56787 2.823395353712498 1.0986952691729426
2458393.54202 -0.8865442896289553 0.9000514128041528
2458413.41082 -0.7539222939456257 1.1958225864115362
2458429.64673 3.8512393498059794 1.7779527830644763
2458450.37697 1.616855375588022 1.2985458687416067
2458485.42139 0.26484672164996403 0.8989670804218772
2458527.27784 0.7298764545436656 0.9882761513561129
2458626.66259 1.6726547881853928 1.0702785124402812
2458658.56391 0.9512383509417413 1.0552588764359254
2458666.56387 0.5364046795179405 1.0176535278673002
2458679.66583 0.9986332772034048 1.2256190439977082
2458687.64591 1.7318125287330781 1.41759178229388
2458698.64168 4.94520640682265 1.2295722600686967
2458704.67761 3.146916629873683 1.126470664075441
2458711.56229 0.5789775780647355 1.2946056957902055
2458719.68339 0.35471095288958265 1.0890946457960964
2458727.54165 0.9279260359227586 0.9697017716905144
2458744.39715 -1.1263903809840523 1.1432362993067662
2458757.47058 2.9731426781169805 1.1015286352248286
2458765.39301 3.4242486643539234 1.2783302183526626
2458772.41504 3.934085666600337 1.2594887724204602
2458783.38822 5.334019072865064 1.0612412498353412
