2457395.7435 -9.713564610395792 0.8559993209702168 -83.6713646103958 0.8272027634754808 -73.9578 0.22016 28.3457715122 0.0
2457400.70637 -7.321755378703872 0.7704181126708101 162.4362107531281 0.7465132328735057 169.756 0.190426 27.3751557142 0.00196613183198
2457401.71644 -14.609063293811179 0.8823083565067997 55.48540299703095 0.8558467488941756 70.0921 0.214463 27.1095893529 0.00236629084213
2457412.67707 -11.627746218087621 0.8546197986734669 3.5024623356632896 0.7895892807154091 15.1235 0.326992 24.0599420722 0.00670855375091
2457412.68442 -7.946521205861427 0.7441027285293337 6.929190260090732 0.720127229994672 14.869 0.187365 24.0405724781 0.00671146595216
2457414.58143 -13.510751402939858 0.9150641421738606 7.628711601849563 0.8499481702412114 21.132 0.339014 23.6433428751 0.00746300478942
2457418.66638 -8.316494690756707 0.8575938044400081 4.528986644340401 0.8003118147652744 12.8364 0.308169 22.0062717192 0.00908133509711
2457426.67977 -5.23005490678886 0.773643439157934 15.92280108448604 0.7210101951506067 21.1406 0.280479 18.8094701162 0.0122559912749
2457466.53807 -5.395104670262897 0.7081439097488946 -0.5682680517702965 0.6536800684971591 4.79879 0.272342 -0.494825215581 0.0280466184926
2457476.50864 -5.0825813570473395 0.6173582901766822 3.63350529273386 0.5902755791542427 8.68409 0.180848 -5.56671523156 0.0319966497812
2457476.54984 -5.694371390712895 0.7156589559678823 2.8223915813488047 0.6965746770419087 8.48475 0.164169 -5.67999444647 0.0320129720617
2457490.48655 -3.3301514008775825 0.9885767178807109 0.7914028650839173 0.8384941920083875 4.08402 0.523652 -12.396884343 0.0375342659615
2457491.46069 -2.8884350493353295 1.1786400073434167 2.594835143025471 1.0898111025524053 5.44535 0.448892 -12.7902288875 0.0379201923608
2457509.42172 -3.8537528578949876 0.963869947369199 -6.8511870597021876 0.9513336811768531 -3.04247 0.15495 -20.2172072479 0.0450357981928
2457523.44076 -6.253098090618532 1.077070558379777 -5.649571382965732 1.0486328708239716 0.552937 0.245866 -24.8149793026 0.0505897076528
2457535.39827 -7.0394723409294935 1.1773134203422844 0.8608945619077064 1.1003407031629107 7.84504 0.418709 -27.4759304449 0.0553269028372
2457538.40642 -6.687273532147049 1.3837197325278745 -2.72446489038595 1.3451421130954946 3.90629 0.324458 -28.0201678389 0.0565186417611
2457540.39147 -13.023186666471027 0.9359229846679926 -12.293797609785527 0.9150602494419936 0.672084 0.196511 -28.3006060641 0.0573050566855
2457556.36853 -1.9021761902351093 1.1168722135063285 10.020358483365591 1.0886717476202483 11.8589 0.249394 -29.5182554031 0.0636346736007
2457760.68562 -6.4426632791834635 1.176301654198144 7.277215514528537 1.1187648292314565 13.5753 0.363388 28.5243840715 0.144578793712
2457762.70374 -4.2438978098736655 0.9976595082176036 3.911630499051334 0.8575730366143696 8.01015 0.509797 28.0831819198 0.145378308925
2457768.67617 -3.7702545355261785 1.0750501981318046 3.4672298678468216 1.0142765258716344 7.08974 0.356337 26.7776562612 0.147744403373
2457779.52639 -4.814886863024207 1.111776463173546 -3.623833937693207 1.0737452495180964 1.03901 0.288302 23.8734264055 0.152042925331
2457788.53989 -6.730732218523918 0.8856292177889225 -0.755168424987917 0.8246562374258857 5.81995 0.322926 20.5011935251 0.155613793536
2457790.65227 -1.9729017646228353 1.1390712140744619 17.377148890305165 1.0984856874498041 19.1936 0.301351 19.3900753923 0.156450654928
2457791.6196 -3.7739582192787884 1.121709816752859 5.718365660163212 1.0688719975767595 9.33549 0.340214 19.0640403787 0.156833879442
2457793.5676 -1.6092821530524692 1.1199184379447955 10.94732346310553 1.0364503100239348 12.399 0.42425 18.3601936962 0.157605616158
2457801.69365 11.676145245280054 0.8968816321584334 11.836970154250054 0.8968816321584334 nan nan 14.4533504144 0.16082490897
2457802.69508 -3.1252028573047292 0.8560373534943766 -0.17228121629672916 0.7877253909533807 2.7917 0.335095 13.9830500354 0.161221641008
2457819.55254 -2.529109328872173 0.7869568291530461 2.2805207201658266 0.7721981489971448 4.64173 0.151694 5.87050716153 0.167900049038
2457822.45903 1.2058668245681323 0.7915244470580582 -13.793681667331867 0.7394421849709176 -15.1686 0.282376 4.57406894272 0.1690515081
2457829.48887 -6.8498387801115594 1.0598086696048363 4.613097735144441 0.9690696185933048 11.2911 0.429067 0.850743372917 0.171836515256
2457831.46628 -6.248452061517039 0.6176321111689932 2.4674078407949627 0.5923911871205273 8.54324 0.174763 -0.130774649418 0.172619902312
2457859.42612 1.3255122793029714 0.9874270682190899 1.1544790093369715 0.6943919171849188 -0.35473 0.70202 -13.9186259164 0.183696730034
2457876.52274 -4.611572699560376 0.6083822217681119 0.5073071823286255 0.52295024375413 4.92841 0.310889 -21.1015610352 0.190469881889
2457897.34445 0.07861327590071168 0.6196515165047646 -0.09017892618928833 0.5895511953559712 -0.367511 0.190781 -26.7121583998 0.19871879791
2458118.71635 9.147502176988212 1.299710050424392 17.121491686286213 1.2066733467368769 7.68757 0.482893 29.5690634891 0.286419509298
2458119.70654 13.627515438306526 1.2541236875441137 13.914327229181525 1.2541236875441137 nan nan 29.4665555816 0.286811790875
2458119.71142 -6.678861459535176 0.8427272850423773 10.102052265163824 0.765009180118707 16.4941 0.353483 29.4545755124 0.286813724699
2458120.72598 -4.12166829800402 1.3047541758939452 0.9183973625569793 1.265232190038132 4.75285 0.318702 29.2837846819 0.287215660561
2458131.70537 -2.814119325784168 1.2485383530540608 8.111446032354833 1.164616983715224 10.634 0.450017 27.2800845681 0.291565358139
2458149.63277 -7.300210469233275 0.9757864214960225 -1.3986728298902753 0.904428425181348 5.60287 0.36629 21.9093186276 0.298667639343
2458161.72636 -9.330071235153325 1.1300835228257036 -10.877222491232324 1.032245652180794 -1.85061 0.459954 16.7767485028 0.303458743921
2458206.46583 -3.7775019341631273 0.8153648494241381 -9.526998792329127 0.753564343272323 -6.07068 0.311385 -5.18933103007 0.321183141834
2458211.49532 -11.901636766773597 1.272913622740318 -4.480171095742596 1.2507427578350716 7.09829 0.236541 -7.78572299706 0.323175671031
2458215.43571 -7.760829960587415 0.8055967669781099 -5.518323228425415 0.7513870756385042 1.91777 0.290523 -9.58802437499 0.324736732162
2458217.44961 -4.690945713040077 1.509539140894551 1.5504388617039226 1.4344099732840188 5.91585 0.470294 -10.5961419391 0.325534574744
2458237.48607 1.5881959822677951 1.1429289839858825 4.262128384270795 1.0729763794762688 2.34046 0.393711 -19.4251024767 0.333472402003
2458238.46838 -7.95974751886885 0.9486217416855347 2.359414042242151 0.9089293127864769 9.9853 0.271534 -19.760956713 0.333861561111
2458273.39063 -1.9535541665739629 0.7817549219342662 -0.3901574873469629 0.6855452091528688 1.2157 0.375724 -28.6137876448 0.347696679227
2458274.35452 3.133128417039205 1.1336141027493256 4.724796959334205 1.027576217478372 1.24359 0.478715 -28.6575264167 0.348078542295
2458454.7552 -2.6432268180709015 1.0313733757855688 9.713020900726098 0.9300276839268389 11.9367 0.445847 29.071407688 0.419547718797
2458469.72566 -5.938687977700917 0.808767891282579 10.870890574619082 0.6141387786727602 16.3841 0.52625 30.3468728166 0.42547855232
2458475.72807 -7.533308494330526 0.7672269871212604 -10.632121972954526 0.706420427749769 -3.52667 0.299345 30.233716299 0.427856521376
2458476.62638 -9.237458046844358 0.9323819035464699 -5.772275642694357 0.7760987189346074 3.03697 0.516727 30.4037463912 0.42821240415
2458477.60849 -8.873961434592973 1.1276480412982033 -5.573779948411972 1.05199139254448 2.87158 0.406084 30.379887314 0.428601486181
2458488.71426 -9.951854237647495 0.9308188542904642 -6.727152987959497 0.6916597192706919 2.7917 0.622921 28.9239967866 0.433001249688
2458494.6361 -7.232592513527006 1.2165341777587486 -3.3196252151830064 1.1308322718596047 3.47762 0.448524 27.9615078138 0.435347298344
