2457591.63803 -9.65018143903 1.52086726433 -19.6924453993 15.4992641689 4.03537405663 1.96849492326
2457593.63776 -65.2668143209 1.76660199203 50.8930985037 16.2685670835 2.21329506107 2.33791640615
2457607.64079 -131.766509436 6.8051709695 434.859787437 14.2100123587 -8.37586539704 2.33503045985
2457630.56945 -36.5261417795 3.19461399922 173.468683285 18.2119545497 0.417259495823 2.59424906277
2457643.53469 -82.9733946802 5.04354434438 325.717036948 11.6737394967 -13.4518943572 4.36256323024
2457677.41406 16.4112922153 2.06285586795 103.166670859 14.0170075391 21.2466431422 1.60038518937
2457690.36568 19.7089462315 1.66647299931 -48.4274826328 15.6700052763 7.33995730675 2.06330151917
2457695.36414 14.8355460397 1.49875266957 34.1952362171 14.3435478077 0.865430630894 1.95112838412
2457706.33462 -0.0349944418084 1.45387872209 37.8276993106 13.6054966128 8.20444048744 1.60223784646
2457709.41301 13.9693758266 4.53178752837 291.668320767 13.2092903393 5.92324708467 1.36888860805
2457752.27506 -4.87691587138 6.06310945303 400.080730335 12.9300323914 1.97489701409 1.44323250612
2457754.2618 -39.239439832 5.87990882838 382.248088805 14.1915324387 2.37259891983 1.25328983162
2457755.26286 -36.2682868214 6.24639757155 406.092548057 17.1425042436 -4.60036414123 2.56930344259
2457756.32209 -13.8354945064 14.0826344337 761.876893304 116.447994942 -83.8437886198 29.0217721591
2457760.27254 2.4827446277 1.89728067038 52.7532084067 17.8875819053 -3.79134375991 2.11372670985
2457761.2752 17.5429767401 8.28442191363 549.935801367 15.35522498 2.46157496055 1.26765107302
2457766.26649 0.0177034507288 7.70788110578 505.536414864 17.5163253515 14.9514705794 1.79707542352
2457767.26553 -1.39490393307 2.88099870126 162.413787563 16.9094736164 0.412071649936 1.97080242826
2457768.27204 14.5819046061 3.33504777275 -113.18323358 31.6945161519 -10.7496554761 4.33836071123
2457769.27508 -13.9642053639 2.21473422139 41.0111097452 23.064203242 -3.83650975818 2.64752301478
2457893.65115 7.02544870581 16.2121317333 -1108.13677358 20.2007470542 -7.74883434479 6.10287367057
2457901.64976 22.4677708645 10.0080577231 -645.437516397 27.92092542 9.61145287745 2.82087420185
2457905.63724 -10.1287061388 11.1452474942 -733.806879934 27.0585386056 -6.93463786258 2.54062703691
2457931.56889 24.470124706 9.74934948667 -623.555496391 25.3635012807 -15.0465123755 2.49436727635
2457934.5659 -17.4746490132 7.567554858 -385.612221161 55.1544001913 -13.1683482044 7.09508748053
2457935.56495 2.93211388429 8.99269856067 -580.975916739 26.3066384864 -8.52218803929 2.30185360333
2457935.65685 31.2458391839 3.29536522999 -176.607384306 20.5382673926 -2.0670603581 2.10384129972
2457936.55969 -6.90572982682 13.9847010502 -926.277653146 19.3300225744 -3.39065880675 1.97022142851
2457937.57464 -5.01688825086 9.04365843833 -583.370647778 25.7703806064 -12.5612991404 2.10739525629
2457939.58936 26.4702384682 6.03579489958 -381.48225614 18.1285975899 -9.82297491676 2.35598113225
2457943.66474 22.408933332 1.44975461355 -2.39603241937 14.4206514804 7.36237319822 1.75915092663
2457944.57196 16.3376146573 8.74142392018 -567.485978837 20.3175481626 -14.2720755023 1.60663101756
2457945.55775 7.77506269425 8.79806847039 -567.497053938 18.3965679267 12.604570788 3.4144475202
2457946.58814 33.5349517814 5.36571786764 -326.737735093 18.822032863 20.8180815911 2.60972805689
2457949.59541 44.4054496603 4.08810641662 -251.119058623 14.2657493622 7.49926915144 1.85462621327
2457950.61094 46.3236709224 2.41387001566 -139.539358268 11.5605905761 0.842183043696 1.42149419927
2457951.54321 66.7815598747 9.05422159638 -591.673402451 15.773643487 -3.76921401926 1.52400697161
2457953.59023 56.1886014845 3.55764158543 -205.911183249 15.9664446658 -7.78994383483 1.54538564584
2457954.55334 35.0604928715 6.38418592563 -403.381322261 15.2339794373 -5.02666022255 1.67190154207
2457955.52736 28.4824655975 9.18976556043 -594.355213212 18.6872894219 -7.31750167489 1.39529122817
2457955.66001 61.2401668698 1.74898177221 87.1634423091 11.9338216173 -0.423571698311 1.28773972466
2457956.53968 58.9966221208 7.70186711428 -495.908469753 17.9812130752 -2.64355957018 1.39220507857
2457958.55156 20.6839353179 5.00630200321 323.905189694 11.8806936939 -1.3347946813 1.20013971122
2457959.54698 26.8562203822 5.34201989569 -339.773547238 15.633000814 -5.42599202002 1.84671169326
2457959.66494 47.3032166126 2.38283245559 142.462949565 9.62363642384 -0.688869281045 1.21529077055
2457961.57591 33.3863497638 2.50429768054 -142.852690541 12.4200457361 -6.73806272031 1.52738536053
2457962.48177 -10.1721005023 12.9324872231 -864.958733065 19.1162557887 -9.78756883253 2.40618678834
2457962.57898 36.4906360593 2.19769678227 -116.135058072 12.7785813616 -2.5195147156 1.45248490996
2457963.61365 34.1382067865 1.40227861071 36.0934922935 12.8253605127 -4.13854018288 1.79994154458
2457964.56983 27.543302697 2.14772299155 -115.892358106 12.2486557879 0.819916112794 1.60141906626
2457965.55277 48.3954546515 3.54086990052 -217.109396643 12.8256390118 -4.50043466538 1.60882561585
2457968.53468 56.7425340346 4.89074775102 -304.782022194 14.5965444352 -4.29242928955 1.27441626126
2457969.59174 36.2241611857 1.94848496898 105.098954263 10.7201747863 -2.06308250199 1.25516090033
2457970.55357 33.8621035526 2.12080093068 -117.296076091 10.6766258789 -0.281202901469 1.50880818871
2457971.54105 13.8098558085 3.97163092111 -228.186665477 20.0722115651 0.569862023613 1.8351378524
2457974.46606 -1.26016397227 12.5185334013 -826.957917186 19.6854710548 2.63357944621 1.8940458268
2457974.55497 47.4123142257 2.24830507212 -112.057422523 14.1773887637 7.56326100042 2.20626233812
2457977.44517 -28.703771092 16.5827061876 -1104.82974717 21.5775705182 -5.3221389767 1.99672647715
2457979.49919 25.703493 6.03029385583 -376.631613182 17.4281399512 -4.21048159628 1.98355218182
2457980.66093 -11.8989570672 3.46335023068 204.996963907 14.8739506613 -6.30584533427 1.94322206458
2457981.52547 5.09369534573 2.54884385217 -135.906536798 13.6949558323 -6.07790672166 1.51000506376
2457985.53827 17.793027942 1.45827970181 26.0620281393 13.2961046327 -2.53545964808 2.2270681959
2457986.52698 8.96960131125 1.25967696639 8.90694706472 12.8118793017 -2.71038133014 1.78851956916
2457987.47278 42.4964776562 6.06766269536 -384.160886481 18.1573153597 -4.24354879791 1.8366588767
2457999.51134 -22.317113687 2.58787513579 146.454687464 12.6298479291 2.55335862435 1.54717195507
2458001.52935 -52.6123021243 3.23736030275 201.459083382 10.6275123701 7.20730848107 1.30674356538
2458002.53278 -38.1012563774 4.77537926031 297.709753753 10.8598755752 41.444510318 2.81154174759
2458010.49516 -22.0961521832 2.37848355088 142.921360574 10.1550477186 -4.75308714612 1.31241840339
2458017.46063 -11.3323591075 2.85796096848 162.122689696 14.4582142053 -5.39469683795 1.3935003647
2458020.47301 -15.3885821901 3.70866206555 232.26989472 11.8292067343 -4.55265392421 1.32193331837
2458021.47787 -38.7674158946 1.65174274437 -1.90078789546 16.977567773 -17.2472463927 1.94555350552
2458023.49241 20.2326998679 2.32285400612 104.504086996 17.6539523446 -13.1062018606 1.86598511725
2458026.46643 8.57789626137 2.25272394542 123.052217002 12.4105230181 -7.37615969968 1.32477369546
2458027.50343 -44.0913076082 4.62216034835 286.918334926 14.66509327 -8.79385642754 2.08491089778
2458028.56349 -10.1570857307 5.24656181885 325.375825405 16.2801261115 -4.14268444149 2.38068808977
2458032.45425 -0.0571811433578 2.02523385309 76.9538390742 14.2369255436 -0.926201861064 1.68990981864
2458033.4436 -37.8455304461 3.80133976668 225.973206451 12.3413291252 -0.562232254258 1.22369727971
2458034.43915 -22.3053197297 3.19353596208 184.743311969 10.5732386831 -2.24287236926 1.25390924846
2458035.4405 -28.0712783796 2.51195394477 125.816715455 12.6505057378 -3.47338898201 1.78409422337
2458043.39793 -114.973018196 1.65082657594 90.0307260392 9.96167778113 -3.75883946158 1.59715623009
2458047.40284 -8.52071972923 2.84155972012 169.453381507 12.8791262778 2.33436278599 1.64181935565
2458048.41823 -25.71109458 3.15072183993 198.365494952 10.6334889197 -2.06984877162 1.67501847861
2458049.40462 -38.3139642111 4.27662515177 274.721451162 12.9746303203 -2.82768529293 1.58930551474
2458050.4092 -1.93094181225 2.05921168314 115.744374638 11.010022828 -4.00786258757 1.3796733162
2458051.38498 15.2274529438 2.96899068376 186.498835318 9.37773671248 25.2069132446 14.7950832876
2458052.39247 2.2594769731 3.40211498152 214.733440034 11.2978545149 -1.61638918568 1.23057147969
2458053.39495 21.9560198902 2.31595827908 137.280239622 10.618975407 -6.01408028042 1.07410190412
2458054.39481 35.1987270535 1.22467855493 44.2169126136 10.1739026343 -6.13089181331 1.33291221227
2458055.37941 16.734910177 1.61165873192 84.3309865477 10.306466283 -6.59545176633 1.44708348772
2458056.47839 1.43294912483 9.24687925875 613.690499581 18.3170166264 -3.85174858251 1.49495562165
2458057.37288 -19.077938888 2.94447114444 182.615278563 10.9405069898 -1.7693412562 1.24980968942
2458059.36852 -3.80482567149 3.89780523664 248.831146627 13.0463956181 2.58759647081 1.16113196567
2458060.40543 -33.3387983842 3.38438095702 182.706058661 19.0691243163 125.677468637 10.9413862984
2458064.49392 19.3175921496 4.03838693726 -59.2096507323 43.6588096122 -15.0156126253 5.38568972925
2458065.36344 -34.1573344622 2.21117780387 117.266919719 13.5583037249 -7.80718781005 1.40267581233
2458450.29856 322.648832918 1.84109043342 -31.6130159777 17.8318139617 -72.9842723577 3.24260189923
2458450.31472 -529.033450005 5.51219994025 -290.567643393 39.9876259769 -206.090548838 5.57658751448
2458450.32899 -530.345067941 4.55510546217 -193.439662498 40.2857560234 -207.16701029 5.64361873479
