2457591.63803 -9.759002463905706 1.578989209665702 2.5770975360942945 1.5555687402158473 12.3361 0.270948 22.6756336755 nan
2457593.63776 -65.31921284014692 1.669569325271769 -43.82171284014692 1.6520563188173791 21.4975 0.241188 22.0698515795 nan
2457607.64079 -131.89789180618544 6.480774007980966 -161.28789180618543 6.470960368003013 -29.39 0.356516 17.1046578213 nan
2457630.56945 -36.562874870013815 2.9257868919117827 -31.029604870013817 2.901283287005736 5.53327 0.377868 7.17008688271 nan
2457643.53469 -83.0130664753763 4.743327270445143 -77.8737664753763 4.735215934960893 5.1393 0.277279 0.863158870335 nan
2457677.41406 16.46068778984572 1.884320986817947 11.677647789845723 1.869029127618551 -4.78304 0.239574 -15.218207502 nan
2457690.36568 19.675721925571846 1.8065063397857302 17.808671925571847 1.7862629023917604 -1.86705 0.269685 -20.4156744369 nan
2457695.36414 14.81278339221915 1.4600177135615615 16.37848339221915 1.3924129891036388 1.5657 0.439133 -22.215622523 nan
2457706.33462 -0.015436322902031119 1.3882682562496738 1.8209436770979688 1.3455951102874557 1.83638 0.341559 -25.4840272086 nan
2457709.41301 13.926182477979246 4.254317566536872 11.818002477979247 4.239709148916729 -2.10818 0.352256 -26.4335679899 nan
2457752.27506 -4.925286530068026 5.776547786326092 -2.682076530068026 5.766914433803303 2.24321 0.33347 -28.5708027937 nan
2457754.2618 -39.27896655694564 5.588496695881731 -38.63929155694564 5.5767282966549505 0.639675 0.362487 -28.25081573 nan
2457755.26286 -36.29263052215903 5.96604123500594 -37.74793052215903 5.958304852250361 -1.4553 0.303729 -28.0918674616 nan
2457756.32209 32.13614341028481 6.072560805601687 33.06371941028481 6.048356334444409 0.927576 0.541646 -28.0187601198 nan
2457760.27254 2.3796355261093267 1.750623558104428 5.799435526109327 1.70537286343521 3.4198 0.395457 -27.1708991394 nan
2457761.2752 17.537016036474245 7.994808185974772 17.909924036474244 7.98926895012261 0.372908 0.297556 -26.9624034013 nan
2457766.26649 0.025936738977255125 7.429539388970634 -1.4668332610227448 7.423228886237116 -1.49277 0.306151 -25.7705072613 nan
2457767.26553 -1.5037940761317161 2.641102890477146 -6.1283840761317165 2.6276824934422223 -4.62459 0.265912 -25.5114032676 nan
2457768.27204 14.284931812367486 3.4834176696911645 14.794098812367485 3.462210950389306 0.509167 0.383789 -25.2558177421 nan
2457769.27508 -14.197150643995952 2.1542075181882008 -11.557990643995952 2.1337043430106637 2.63916 0.296506 -24.987115086 nan
2457893.65115 35.43413476551546 7.386494059837407 63.64983476551546 7.382169538666346 28.2157 0.25272 26.5835520477 nan
2457901.64976 22.243870126201873 9.871961405327845 22.243870126201873 9.871961405327845 nan nan 27.8566824314 nan
2457905.63724 -14.899193456487398 12.571386296603093 -3.202793456487397 12.567865798869116 11.6964 0.297494 28.304848189 nan
2457931.56889 23.82899156310558 10.078282457196426 26.15339156310558 10.061669528880842 2.3244 0.578432 28.1401824445 nan
2457934.5659 -17.057398134106894 6.8911416816074045 -6.4381981341068935 6.877335577963527 10.6192 0.435992 27.7596214127 nan
2457935.56495 2.8732714687691647 9.273565253002875 21.030871468769163 9.262079966729573 18.1576 0.461397 27.6172299141 nan
2457935.65685 31.188776370041523 3.51138560551338 51.142776370041524 3.498573848029732 19.954 0.299683 27.4268850371 nan
2457936.55969 28.897870841167027 11.142834366678246 39.654470841167026 11.13357583844875 10.7566 0.454144 27.4745730546 nan
2457937.57464 -5.868977172150533 9.270323654769825 8.099022827849467 9.252808649058132 13.968 0.56959 27.2895962141 nan
2457939.58936 24.87133712665005 6.509942015457233 41.28023712665005 6.490958385799387 16.4089 0.496794 26.9204055755 nan
2457943.66474 22.42231645940752 1.429931729178417 39.00791645940752 1.3855461948542813 16.5856 0.353506 25.9749675376 nan
2457944.57196 16.33089469449405 9.021953093074355 28.44719469449405 9.018311129067234 12.1163 0.256324 25.9810817398 nan
2457945.55775 8.2566077407246 9.003014570023526 25.6915077407246 8.985945331887562 17.4349 0.554128 25.7940697939 nan
2457946.58814 34.24308230949293 5.626679849860776 64.42818230949293 5.607669760908294 30.1851 0.462132 25.5083620876 nan
2457949.59541 44.3583843856985 4.36250118331834 58.3574843856985 4.333691300399455 13.9991 0.500536 24.7816179656 nan
2457950.61094 46.28058979142574 2.68023667187671 63.08498979142574 2.6589423120249793 16.8044 0.337186 24.4933628838 nan
2457951.54321 66.74069299033546 9.348485224436178 76.58671299033546 9.343247204794356 9.84602 0.312902 24.3879763734 nan
2457953.59023 56.21434278193315 3.812001230211286 55.54711678193315 3.786251004037022 -0.667226 0.442331 23.7474838967 nan
2457954.55334 35.07632549885632 6.666749209259721 50.923625498856325 6.659874974771006 15.8473 0.302672 23.5527723578 nan
2457955.52736 28.464797237759637 9.481701539923845 48.696897237759636 9.46847922176361 20.2321 0.500565 23.3206243046 nan
2457955.66001 61.24425179634736 1.5292808591192937 61.24425179634736 1.5292808591192937 nan nan 23.0019164227 nan
2457956.53968 58.96792151649375 7.986937312652318 73.43692151649375 7.979676833541183 14.469 0.340478 23.0022262588 nan
2457958.55156 20.65571544894749 4.711124553828492 30.720615448947488 4.703828310287346 10.0649 0.262095 22.3671579901 nan
2457959.54698 26.78308096740257 5.631448955394178 38.21088096740257 5.622898956660094 11.4278 0.310201 22.0625233059 nan
2457959.66494 47.32826049005266 2.1023277117937456 57.244000490052656 2.077344712755186 9.91574 0.323142 21.7641799572 nan
2457961.57591 33.225154861398636 2.768954326865403 43.135964861398634 2.7262953814701807 9.91081 0.484171 21.3433281276 nan
2457962.48177 -69.9734441604298 10.814498691560253 -62.56133416042981 10.80624455242627 7.41211 0.422446 21.2132730719 nan
2457962.57898 36.457705429763216 2.4451866065754824 45.706515429763215 2.400738431849693 9.24881 0.464104 21.0010308585 nan
2457963.61365 34.13888832148163 1.2512949100126731 36.71102832148163 1.1879875070313761 2.57214 0.392969 20.5703324767 nan
2457964.56983 27.53202912385498 2.385996361708981 30.044549123854978 2.355441523358093 2.51252 0.380623 20.3377990248 nan
2457965.55277 48.379907917491224 3.819881876425186 51.18452791749122 3.8022407244909675 2.80462 0.366692 20.029009989 nan
2457968.53468 56.740128409280004 5.17282140938515 55.493398409280005 5.158366174998473 -1.24673 0.386445 18.9886674217 nan
2457969.59174 36.26856316765119 1.7245742045920271 34.474393167651186 1.6865485476959219 -1.79417 0.360153 18.4708088711 nan
2457970.55357 33.88928547904029 2.392160118763419 39.80026547904029 2.359248457830844 5.91098 0.395445 18.1937285963 nan
2457971.54105 13.788481917734627 4.220218350015644 17.082721917734627 4.2058134329672505 3.29424 0.348391 17.8440211203 nan
2457974.46606 -0.7474542441339871 13.017413729338882 9.779745755866013 13.014474416685271 10.5272 0.276615 16.8442095931 nan
2457974.55497 47.395453383675346 2.476300773701354 60.12565338367535 2.4152706332645053 12.7302 0.546382 16.6357710984 nan
2457977.44517 45.44883551009083 10.471003371468651 53.43070551009083 10.460066513238425 7.98187 0.478456 15.6762341108 nan
2457979.49919 25.718852482375762 6.311757209134555 33.80836248237576 6.287751566791823 8.08951 0.549963 14.7303878405 nan
2457980.66093 -11.865243294007229 3.1941795287768606 -10.23046329400723 3.168821106117568 1.63478 0.401691 13.8814483596 nan
2457981.52547 5.174499250102297 2.8048829302153937 10.642769250102297 2.7799709542030637 5.46827 0.373001 13.8124569225 nan
2457985.53827 17.829425937626763 1.438347676264606 21.363785937626762 1.3234335300648052 3.53436 0.563354 12.0157504309 nan
2457986.52698 9.007368515228283 1.2391424632173729 9.007368515228283 1.2391424632173729 nan nan 11.5944955291 nan
2457987.47278 42.50053934473185 6.347870758109174 43.52324934473185 6.336778491572318 1.02271 0.375102 11.2785513977 nan
2457999.51134 -22.25294322413498 2.361774427771397 -9.981343224134983 2.3387887432313996 12.2716 0.328703 5.49830153046 nan
2458001.52935 -52.57653853298997 2.9752006850577777 -38.181538532989975 2.9566852815110822 14.395 0.331408 4.47399804368 nan
2458002.53278 -38.07871813088099 4.494005816996906 -19.815418130880992 4.4807722353203845 18.2633 0.344628 3.97529635509 nan
2458010.49516 -22.080348444885317 2.1280633810671112 -15.672368444885318 2.1015337644943477 6.40798 0.334977 0.117705540549 nan
2458017.46063 -11.305263209025792 2.62289978694397 -5.386153209025793 2.5832993502692876 5.91911 0.454057 -3.30496332878 nan
2458020.47301 -15.354949313481754 3.4414194644676033 -13.910889313481754 3.423260069804292 1.44406 0.35307 -4.84217873523 nan
2458021.47787 -38.814925496117056 1.6798166932194645 -35.585655496117056 1.638382108173419 3.22927 0.370794 -5.353993443 nan
2458023.49241 20.20407439588443 2.1590087896798833 28.81586439588443 2.108602131337013 8.61179 0.463806 -6.38565136554 nan
2458026.46643 8.625097785700031 2.041694562517236 16.67398778570003 2.0022641737514175 8.04889 0.399318 -7.78545378779 nan
2458027.50343 -44.09447428459462 4.35489444898127 -42.28310428459462 4.345140357719975 1.81137 0.291309 -8.37294756297 nan
2458028.56349 -8.362030492557112 5.184711091336686 -13.702070492557112 5.163516592879861 -5.34004 0.468322 -9.00425095499 nan
2458032.45425 -0.07773352426235292 1.8527139291085644 -28.377433524262354 1.5840548292555705 -28.2997 0.960895 -10.6316933791 nan
2458033.4436 -37.798237465357786 3.5493790026950425 -57.90033746535779 3.3236046288137904 -20.1021 1.24569 -11.0734189489 nan
2458034.43915 -22.261958804429305 2.929316820588838 -50.242858804429304 2.693513295769059 -27.9809 1.15147 -11.5299304334 nan
2458035.4405 -28.045251708781706 2.2910317459385428 -56.242551708781704 1.9988470366684408 -28.1973 1.11957 -12.0000299062 nan
2458043.39793 -114.93595507718007 1.4649294699890218 -114.93595507718007 1.4649294699890218 nan nan -15.5117373435 nan
2458047.40284 -8.463426361017563 2.575606791695572 1.0049136389824371 2.5486414224335987 9.46834 0.371722 -17.2459401361 nan
2458048.41823 -25.6831635817189 2.862904115571924 -21.1714535817189 2.8550907377520702 4.51171 0.211369 -17.7051585363 nan
2458049.40462 -38.32820492176263 4.006456384726258 -38.32820492176263 4.006456384726258 nan nan -18.0804200213 nan
2458050.4092 -1.8976084310988806 1.7958129883842502 2.425361568901119 1.7606958573341311 4.32297 0.353404 -18.4992565068 nan
2458051.38498 14.962321360042264 2.711101059315978 19.650101360042264 2.6708157416158866 4.68778 0.465631 -18.8346956626 nan
2458052.39247 2.319122400270439 3.140630646606381 6.081552400270439 3.1275047509967457 3.76243 0.286836 -19.2499575276 nan
2458053.39495 22.002912965953815 2.0839572741683408 28.748712965953814 2.052382983567673 6.7458 0.361389 -19.6456735463 nan
2458054.39481 35.2407923310323 1.0935917129397854 37.5560923310323 1.0297695598926848 2.3153 0.368127 -20.0282564196 nan
2458055.37941 16.77768722822568 1.3772955384490135 19.391197228225682 1.353221602865753 2.61351 0.256387 -20.3639464284 nan
2458056.47839 1.4698403311194144 8.968529165144496 -0.5932896688805858 8.961689899333853 -2.06313 0.350185 -20.981223914 nan
2458057.37288 -19.03561362465571 2.6750067032402707 -25.58230362465571 2.6441148466092357 -6.54669 0.405361 -21.0818195302 nan
2458059.36852 -3.723596780895056 3.6485526005657603 1.6658832191049442 3.6311934378244257 5.38948 0.355486 -21.7805457304 nan
2458060.40543 -32.58750396396718 3.2246058385757252 -27.43594396396718 3.2062094672631196 5.15156 0.343953 -22.222772704 nan
2458064.49392 19.258648029317236 3.759832158672947 21.676528029317236 3.726738895990873 2.41788 0.49775 -23.7342135844 nan
2458065.36344 -34.16581377707698 2.0058877428264554 -27.54935377707698 1.9462083137250268 6.61646 0.485653 -23.7516025372 nan
2458450.29856 322.7613606655136 1.9198059365027293 324.89293066551363 1.874307971617824 2.13157 0.415481 -28.2704496859 nan
2458450.31472 -532.9363905583178 5.505792211724279 -529.8452305583179 5.483136401845181 3.09116 0.498962 -28.3100656177 nan
2458450.32899 -531.1616591767245 4.874676008773502 -527.5799791767245 4.845646125758252 3.58168 0.531206 -28.3445846436 nan
