2457759.61804 5.24681756762262 0.023113523040265333 0.3594335004173476 0.0009792625432176916 0.07310001171705588 0.000380642543196804 0.06391008851412487 0.00028295379397623666 0.6174400920381619 0.009350795195689461
2457762.56045 11.500868060433008 0.026662286864660812 1.862577693947291 0.0021353531803674454 0.17139258896205442 0.0005204721167635845 0.15250951723725187 0.0003937814443543039 0.7058143877302281 0.005631903953422747
2457832.41514 5.219080168670538 0.022685610266946207 0.3717071699388957 0.0009926061117911656 0.07647892900965583 0.0003918322725405393 0.06596271125109572 0.0002917603847502594 0.6281828039593927 0.009345850342654996
2457851.55547 5.015651527378433 0.020202647887612658 0.4071816315842887 0.0010325989478997182 0.08651075577756888 0.0004070513981163098 0.07585364667808309 0.0003040966005148503 0.6297354425185353 0.008535935417183553
2457858.47827 4.40402120743395 0.01384528096115648 0.5640184995481523 0.001196595334152742 0.1377277059979002 0.00047537531228989007 0.11841025201015566 0.0003565639919204321 0.6161062644675688 0.006291234137829376
2457892.41952 5.316551563782071 0.024188558447626334 0.3553551362249358 0.0009863644923010049 0.07114719720163816 0.00038701856399903935 0.06253161018385607 0.00028711667607598515 0.6231967095657471 0.009781423362922006
2457965.36542 5.183805960561757 0.02060559388766665 0.43759900154703757 0.0010844023709034958 0.08947636979356619 0.00041926610742118507 0.07935672499288142 0.0003155355032915825 0.6339905689147554 0.00846339168192531
2458175.55636 5.88289361895959 0.019644852254181815 0.5359868712849536 0.0010864782632972545 0.09668848293681517 0.00038698311585286504 0.08553030461955227 0.00028994248312819826 0.6068258120024432 0.007177832483370983
2458236.52608 5.275221830968298 0.015031255965297873 0.628516216399306 0.001149296018257261 0.12735671020099815 0.00041574609239004634 0.11093325618850558 0.0003135477550633255 0.6236791801912884 0.005821449071000128
2458246.47884 5.9897693188822805 0.01672458491905311 0.7129049882040186 0.0012266653832738934 0.1268941509786626 0.0004175709867185684 0.1111467318168204 0.00031565871146561225 0.6329814083872948 0.0060095117629321475
2458261.4284 5.817853909104579 0.01930035644440982 0.5374093394854973 0.0010921019927560914 0.09913605620675053 0.0003888538631073638 0.08560881634650666 0.0002889031631413224 0.6334907136283366 0.00707345151711166
2458284.51473 4.553254519088251 0.01381974628016455 0.5275611066717213 0.0010728053029815795 0.12328072395962729 0.0004168762324478836 0.10844851694270677 0.0003143775707800236 0.6184682276894041 0.006010631049723646
2458305.41384 5.433194679037907 0.01791837354497897 0.5082623609181108 0.0010528149945671608 0.09976055000869322 0.0003846558691682386 0.0873346641124074 0.00028735177668704224 0.6109472266687583 0.006826717588402821
2458328.36398 5.563490965862503 0.028180097615551573 0.26480010652850416 0.0007918866952951296 0.05065199638336477 0.00031302462646571905 0.04454007210504068 0.00023121502400890614 0.6290897183730152 0.011435027053418718
2458405.71004 4.6516641504396254 0.06819943499348691 0.05822667713951448 0.0004524883669592347 0.013632184353617715 0.0002555297945327299 0.011402588259539027 0.0001776941889600359 0.6064749623073707 0.03451858792722139
2458426.71858 4.129258391933606 0.019665018462717197 0.26457176332251503 0.0008297842928386761 0.06792535749098934 0.00036970135958914877 0.060219572281072796 0.00027244424843488177 0.5939011171977853 0.00974504460323825
2458449.66517 4.5944901664893 0.028512398791450767 0.19834041556921497 0.0007567928152475228 0.046350700072419475 0.0003428251962512238 0.039987678455777075 0.0002470262717566444 0.6338162559896704 0.013347927544950603
2458470.75289 5.0332168877036745 0.01986759234104397 0.435055976449433 0.001079759766683282 0.09175229157116396 0.0004267039497534552 0.08112163226561327 0.0003154128336880343 0.6104019138576303 0.008342014072358914
2458490.71427 6.548147985975381 0.019011511079652554 0.8730427415694221 0.0015011925084844786 0.14296535941514563 0.0005016792446313669 0.1236879732338042 0.0003707437909255702 0.6115711260681246 0.006159493516146668
2458510.71599 4.8928825474806095 0.024179085802298453 0.2986866061465215 0.0009121209086141715 0.065089026466012 0.0003815739777681207 0.057001215123914574 0.0002817866621768262 0.6172552722261854 0.010545969907642365
2458530.60665 5.716442729194751 0.03304572425204917 0.2597361881414364 0.0008567108002012519 0.048482177884016237 0.00034764636360341594 0.04239118530562049 0.0002554687934043485 0.6259868472199802 0.013388940836838776
2458553.56055 4.825205853440177 0.015029951576370867 0.6317093786546739 0.0012888830644775379 0.13966672515995066 0.0004923884906381694 0.12217055094477378 0.00037059919223920887 0.6367183578213947 0.0064036255175417625
2458575.64851 4.249766880405616 0.02304090757485605 0.24603894655987368 0.0008577914729361906 0.06166183271668327 0.0003869827118760833 0.05412755219959745 0.00028527146015127117 0.614781335255673 0.01131264447644308
2458617.45465 6.17788172288535 0.020980895893489285 0.6213056025868755 0.0012578396521478914 0.10663130853167722 0.00043828927286236044 0.09450740873618843 0.0003296987665197504 0.6313603050375919 0.007360540424648029
2458637.41589 6.5254935564975955 0.020994657332751836 0.7204833914667873 0.0013634200025694652 0.1181936463944509 0.00046057972125777055 0.10262747164937405 0.0003434995244825374 0.6189992201583769 0.006957410045366757
2458659.39557 5.45381465148705 0.017605038310489318 0.631598370560145 0.0012785406989071371 0.12365767706028173 0.00046704891346986406 0.10795942433421908 0.0003479051586553505 0.6188025973982241 0.006693748026075813
2458679.39359 4.639464840553618 0.016806352942911412 0.4630369682764185 0.0011067296365730437 0.10640781472476435 0.000435267474184799 0.09320010739116887 0.0003252097251603441 0.6312410413876287 0.007338739703191666
2458699.36127 4.592475323091056 0.017085840717001075 0.44450181157424534 0.0010884182399095589 0.10277611966913855 0.00043436116639257845 0.09080219281053073 0.00032453858124702976 0.6144867260993254 0.007628815736308431
2458771.70063 4.246825367483551 0.03805807419031766 0.12937436398055593 0.0006945352029191118 0.032848260312957664 0.000355570321490702 0.028079304531657773 0.00025437462383456634 0.6254688789979836 0.01979023784756328
