2457540.62144 1.3119434043289908 0.7480340716172778 1.1562921842323965 0.5951297877728293
2457540.62928 0.9536267428002849 0.8839548192949054 4.584717568109293 10.364425404764733
2457540.63668 1.4178980555479133 1.128199978390976 1.2869596945742112 0.7430728657143615
2457540.64409 2.8942084855286963 1.5555722322305872 1.8272914234134652 0.9469108301761059
2457540.65194 0.15812398106040707 1.3858844820227272 1.5237566828637397 1.2929164043676982
2457541.62099 1.1684786185572529 0.38016321196341657 0.9460619849203268 0.46335982158402
2457541.6284 1.8718833935241133 0.7020129360186896 1.093925260522227 0.48156363921102696
2457541.63581 1.78396491949157 2.1873981370908315 0.09372664028783531 1.3964418104588492
2457541.64322 1.466784344270869 1.159417011941607 -1.5350455613426945 -2.0688114732818
2457541.65061 3.233303848810715 2.144179698855026 0.30404405448564936 0.6317918226904105
2457594.63398 2.6817332135806597 0.5889392359562127 1.9841170156690682 0.5353064733172737
2457595.60245 1.1631974417110789 0.40462671020499263 0.989087928136198 0.3929209354387978
2457597.59829 3.273755091338224 2.8460753455658816 3.832537148603096 3.2497512001474798
2457597.60571 17.656753592299644 38.383981993326906 4.3812559928547445 4.664067219616306
2457597.61276 -2.834628098668336 -4.496162258518006 -14.044232857112895 -105.5257350401496
2457597.6204 -3.179896255132657 -3.301739799479324 -4.12529129289046 -5.103689143533567
2457597.62811 0.906745296692929 0.8558587905834416 0.9832144611616017 0.7734117653080986
2457597.63531 -3.597089439346514 -3.9563114848663443 -10.71013646909901 -32.352589213101574
2457597.64277 12.059975106380717 66.82220855400863 3.905670918855141 4.949834311039133
2457597.64996 1.2644651198473518 4.277128440870904 1.2487338876839895 1.66376335966661
2457597.65737 6.738710559311239 15.151388330238564 1.0946556703896635 1.6759943576130676
2457597.66472 4.466336457365955 6.278229960282183 -8.405758386845106 -20.966627441235467
2457597.67257 -15.11959745094029 -47.19761185360795 14.0798089629192 116.63589434617293
2457597.67991 5.5748426847065975 3.7063810689913033 1.809796600499751 0.9030093320994973
2457597.68739 1.8893519148661448 0.35859884318974655 1.1931486603228292 0.2949973977869947
2457603.49294 0.8042370738907371 2.137593572915301 1.8494808305618862 1.7337671432572241
2457603.50076 -6.535571259195809 -43.54926634512511 6.336296125895929 10.031745469983477
2457603.50818 7.231860176294561 10.145621415194036 1.7623662508607612 3.2210276488246863
2457603.51563 1.8999274961666905 2.9247170314857684 -15.351170849034393 -71.28399091968922
2457603.52311 -2.634619594311028 -4.673077701363536 0.8313936181032092 1.4508770722685456
2457603.5307 1.2037114245683713 3.7021676644328623 2.143363053186999 1.6989524787432124
2457603.53796 -0.3507590947968036 -1.6477751246606591 1.0299196109813853 1.4729781380156857
2457603.54548 -8.425165365363696 -13.016977104259555 8.311689907993603 25.657278725317557
2457603.55271 27.003181015933862 216.86514550143244 3.21754705865163 3.8452211993086354
2457603.5601 1.314104148018877 1.514114911826859 0.7955640391734764 0.8819590309395174
2457603.56751 0.22632933181046802 1.463728342164045 -1.2022278003774969 -3.187424243676463
2457603.57477 3.982511353711539 5.7907359403283785 1.7547433663081486 1.6648587592508601
2457603.5831 1.3751101877563987 3.7296071986580466 0.7445480206846418 1.4573044848427512
2457606.53108 -0.24053824244156155 -0.8375098570997608 0.7008620718658038 0.8358851737102343
2457606.53836 0.8537027042252319 2.088263659790192 6.313937137913848 10.15986631650827
2457606.54575 -6.458850066483177 -8.856184008782863 -0.32987040691219016 -3.4737338114443053
2457606.5532 0.983585382122444 1.9779805003153672 2.873869371249049 2.2492718672462635
2457606.56054 -3.451586255209224 -6.56168822962964 7.385861737124885 20.610177319148132
2457606.56771 1.351076828323579 2.3014138887277755 0.17524394918638628 1.1143689861853647
2457606.57548 -4.2615127517283655 -3.8204609606689974 -1.966787532028558 -28.53538410257489
2457606.58262 -0.3149179282545378 -1.7804577315830845 -64.17810356672085 -1150.2096430921943
2457606.58992 6.258751439287338 34.28699248114323 2.7691500554992725 2.542995938679902
2457606.60956 -1.769008334381672 -2.053949823965587 0.9725387086379309 5.145705777732782
2457606.61784 3.381281684439872 2.6352200252681666 0.15451419968684532 1.403187052213689
2457609.64337 2.0129035925469765 0.5765170191811284 2.096096382688315 0.834952456710351
2457612.56637 5.1813966433249625 9.261252569750598 1.4361875461304625 2.997136637650512
2457612.57379 2.5636589372892185 1.5870957959276712 0.981576397855066 0.6481595482269782
2457612.58104 0.29558543101764034 1.1526799349241394 -0.8206743733730354 -2.1483122445272427
2457612.59164 1.1677471109713993 4.379270480222488 0.7901972920186429 5.988049566771578
2457612.60771 1.3063127703537967 1.0084670259073814 0.9287028485281756 1.2463974964370088
2457612.61514 -2.541144003846237 -3.516680912849067 18.803748834706692 109.77364476842278
2457612.6225 -20.69463260519369 -224.6044449518012 3.471443761404765 7.398945855220684
2457612.63007 -3.221405672531456 -7.1093192417772295 -3.3747008376293177 -11.603023248112786
2457612.63748 1.1712503524349096 1.8245002218798518 -0.41050256264983315 -1.4402526929754889
2457612.6449 -0.24241366308034468 -2.1856250441558056 -0.4522293628628897 -2.0217627120836
2457612.65225 3.347824607730491 7.05761286430238 1.4180528707338416 1.6171519179010219
2457613.56384 5.010297183927976 2.6045017670103583 2.9248430872186932 1.1742905702450859
2457614.55879 24.36447240230842 194.62938796225345 -2.5405003029186304 -3.999015164871248
2457614.56615 1.6395162626737043 2.382355900757233 0.9035299136245509 5.626374796082085
2457614.57537 -2.857027878683423 -8.601956912099535 0.40905047258015864 1.6442470145111259
2457614.58291 -1.607239995915802 -2.3954499724927434 0.7411755899157799 1.1663047150842942
2457614.5901 -6.670175370668472 -34.60163357202441 -0.8878730996188092 -3.080371310807945
2457614.61925 -16.232725704785725 -72.05707874538881 1.6672016805793075 1.6327498644494276
2457614.6289 -2.6128223930838272 -4.945293695278689 1.5696361866745354 1.5933678435862804
2457614.63641 9.47232535083518 20.147595105198338 -1.078142515361396 -8.661684087690665
2457614.64818 -0.4512389429812023 -1.0462081551039362 -0.004743597772550579 -3.508370336888714
2457614.6557 -0.15595393791131035 -2.0643017214256982 1.7443467231208216 3.5011849055679733
2457615.59281 -28.51573832430151 -399.58299471990097 1.426117061308306 1.6341046666146088
2457615.60016 -152.1603366195481 -17479.140548482017 12.411903815741303 65.23280792447191
2457615.63723 -2.531327867558106 -15.595066677670301 2.7077463165941786 2.44596350439034
2457615.65966 3.371023839336114 3.8051193571124218 0.7362241515757733 0.9924559395850383
2457615.66658 1.4726901518561608 3.1303634475938296 -1.5532623898976268 -2.384105804068159
2457617.54417 1.3917794878807552 0.18358100805691957 1.4660326644332016 0.1819685213335295
2457618.60961 1.661651620079638 0.5581386698061823 1.4616093552744918 0.5826331368782397
2457618.61725 0.8766153676679097 0.43802553889419427 0.5348653838103847 0.3746537584159652
2457618.62445 1.2256704329292478 0.38665524396810846 0.797106593365751 0.3011105690520054
2457618.63206 1.7177852737131447 0.5788665880866231 0.6438259236833093 0.46271144274974374
2457618.63959 1.701360333839702 0.7117559745456129 1.5435529373504548 0.7455810838222156
2457618.6467 1.6072252119250143 0.5646803999560949 1.008351718732357 0.44988014322974956
2457618.65422 0.8519657347244696 0.43530264486001324 0.7757546140885895 0.4761912708265807
2457631.51533 -7.479840500225524 -13.187888657451532 2.286332359644377 3.411779566620307
2457631.52299 -2.941972332834915 -3.8627965450948203 -0.3886136613142899 -2.288399851027979
2457631.53042 1.6836860253792876 1.622507243824776 1.4134691656036626 0.731006371171443
2457631.53781 15.27282982200016 74.05794565184878 6.710939267681105 14.331191224559712
2457631.54525 0.5485151492323481 1.4122416011559709 1.2809128258621192 0.689144864402344
2457631.55259 4.157639935964118 7.568666010368208 -17.205385611586966 -162.69930024840767
2457631.5604 -2.891267976574885 -4.349100293849136 1.4272114975788353 3.123681021193154
2457631.56749 13.9707485421112 49.15456920930186 1.2547574900857723 2.826455810557487
2457631.57476 -1.0125662083515041 -1.0863153456333803 1.8287270887469513 3.071995492086192
2457631.58208 -8.04683817845742 -33.68766837061374 3.057468935524327 3.5600464905006772
2457631.58988 0.3957549878148342 1.0951818471562527 0.2389902975887048 0.8933097696952512
2457631.59709 2.429253425386024 9.12467659317742 -0.030340025498090787 -2.0932452817445086
2457631.60445 2.5244787070644983 2.7547325016966564 3.647772231354469 6.452091419347855
2457656.38019 -15.168240873544978 -49.049946100704375 -0.043718557037547054 -0.8813982841472294
2457656.38744 2.207580545417962 2.3823830765645266 1.1205876267356993 2.3938946208385707
2457656.39512 -2.860151395506151 -37.691452327779565 1.9771985928765565 4.717938431466858
2457656.40226 -0.890854947866196 -7.694065976284189 1.1978275844186268 1.398004274429183
2457656.40987 -2.982112491170932 -1.9345654605381666 -8.393304424584784 -24.918336287092007
2457656.41692 -26.06012308166763 -146.96330219961433 2.1779156952629637 2.513285263231176
2457656.42457 -0.8718057609825358 -2.123511291276609 -4.6133067079928995 -20.06631018608821
2457656.43177 -28.893025530761662 -214.1196832718203 -4.44073840031137 -12.894431443666264
2457656.43932 6.307867425387586 18.05290575478508 2.6997759672263006 4.002627980707179
2457656.44683 2.116852771220159 0.9161478469116513 0.7851396839062447 0.4831379172832687
2457656.45421 4.56662876261817 8.767062017508401 1.8041379736465786 1.1850255678314514
2457656.46182 -1.3407663565376842 -1.1419944510980242 -3.3141566695339266 -5.551560683179568
2457659.40668 7.4304246029236936 3.4094378192849475 4.21640260839308 1.8947033437637846
2457659.41375 -37.12841328010999 -164.3807838926239 8.213237652106141 8.566551856791556
2457659.42135 4.215047383600716 3.8484019183281744 2.3210372533889707 1.4813601984812257
2457659.42906 -2.793984568527148 -1.9386889482062681 -0.6163790056526784 -1.133330672786471
2457659.43617 -2.431685361643107 -2.3197352272122727 21.136060840042102 94.93724642916614
2457659.44366 -0.13122542322681 -0.8346775750276609 -0.6744419639671696 -1.028300706758729
2457659.45146 15.139180450791535 32.79717930879769 2.266617750091248 1.8070846720523814
2457659.45866 -45.3592550779152 -734.6968210095899 6.829317701545103 50.32999238849977
2457659.46599 1.6866087252110875 1.5157654830142409 0.9079365802669228 1.1969571735262805
2457659.4734 -0.08746442966951282 -0.6573712845389873 -0.8575705007153452 -1.7838038759371013
2457659.48883 -3.173277831568878 -5.287565649704294 -1.8593425596018514 -4.989345158691881
2457665.42229 4.121825945548731 3.783729782686431 -0.15680593048080874 -2.2164716567098224
2457665.4314 144.5378842754634 4402.028838353614 0.3674572920360044 4.66593481943969
2457665.43867 3.910917630678426 3.910686953694779 1.635308337121527 1.006007763061731
2457665.44607 -2.1187715780564145 -4.392655255415998 -0.5898603236086041 -1.4916599133374302
2457665.45334 -31.531567105509144 -397.4020768937839 1.7409132856472505 2.375154849108972
2457665.46107 0.002516160861452089 3.055239988366064 2.5770968655866846 3.284505621726065
2457665.46853 -0.35597914831223093 -0.8192695542819556 0.08130600052334948 1.2174608131960416
2457665.47566 15.071142177808255 44.41714476893436 1.1661871940527886 1.3004054499743527
2457665.48306 -1.1792367949235232 -35.627498124921715 2.1511748090403326 3.1028398030966198
2457665.49046 -0.39696869649969274 -1.608125872124741 -14.341679014389419 -101.42478420726466
2457665.49784 19.030315617653653 90.22256229738194 0.4295125275511017 1.5687025553115466
2457665.50532 0.6388196607922713 0.7206914788754946 -1.2099023673490696 -1.9853495543371555
2457665.5127 9.98682662656121 88.61197451689463 -0.3618657792899827 -2.9765271275128415
2457665.52025 3.207731192829634 2.0723187570280714 1.051536248469639 0.5793668274940877
2457665.52723 -4.83504291952686 -27.557867075046218 0.689434726864863 1.0116520912898792
2457665.54259 8.099018334217615 18.638330424390322 1.439133076078266 1.6639045472628475
2457665.54984 -0.8482481724021397 -1.901675407360041 3.4334986450158813 13.729422889097819
2457709.25632 -1.026488945598736 -1.8534906088494103 -1.41340455696647 -6.128016682764859
2457709.2638 -28.772565421918937 -742.3005020139044 2.1586716209971937 2.154572310809358
2457709.2706 1.0269053901369602 6.194136211275874 1.365948029984679 3.3385075075649344
2457709.27851 -20.336175904976628 -94.86209560789041 1.3520332270089686 1.9047413192860503
2457709.28598 -0.8983896276343921 -1.8581556751646517 1.4864782158995318 1.3690059958077148
2457709.29331 1.0219483360753066 1.8188418335837016 1.3694185807773227 1.4209204511058824
2457709.30097 2.0702524679007515 0.7898118928064888 0.3803301571050173 0.49944454461899734
2457709.30818 -5.783477334410048 -7.775886389503118 4.2964942328945535 10.047727939942362
2457709.3152 2.0656669082368344 1.6951056568655063 1.1045443532558314 0.713093702689374
2457709.32309 11.077448125114287 32.71630342186883 1.549127247983412 1.0048873924887158
2457709.33254 -4.212840704360647 -12.26732040472093 4.476147882817754 6.522286574596205
2457709.33985 5.657568956377903 5.821885460702719 0.7696319252729752 1.1326702242382998
2457712.27461 2.652165051106857 2.8606685162424275 3.3482344862980247 2.487594580216834
2457712.28215 5.308342318734563 8.25073099924383 1.075511665345868 0.7741401830967215
2457712.28931 2.945704983846011 3.1725879678256224 -0.49193209870503707 -2.2976179448090863
2457712.2969 -0.27418820887985695 -2.2554178225199704 -6.000972539510209 -15.13640377811234
2457712.30419 -31.573115606568926 -276.343891709102 3.462794499006551 6.110902308183192
2457712.31161 -7.082904412827934 -13.196953802508316 2.766154421428203 3.438930610426573
2457712.31888 -0.43741180749960423 -10.55596715645874 0.7047741241045336 1.6508896614005972
2457712.3264 4.169614553000629 3.6399979053002838 0.6419550296307669 0.8894364585636102
2457712.33389 1.2627174312339213 3.0130718117165243 1.7016490683749117 3.4474840784213905
2457712.3413 -2.459513086962212 -3.948813098935135 4.355944325969858 5.211669162144949
2457712.34862 2.7306285817307194 2.8994312523483066 2.3041229275622417 1.7966068367358754
2457712.35697 13.357386883210111 39.46529939870009 1.844918536003062 1.0510170965757246
2457712.3646 4.6258959797597985 6.72491009232419 1.7289206810243176 0.9770100466039069
