2457540.62144 151.527194016 21.0785823545 nan nan nan nan nan nan nan nan nan nan nan nan nan nan nan nan nan nan nan nan nan nan nan nan nan nan nan nan nan nan nan nan nan nan nan 160.733007294987 251.42167837344192 112.401601388678 -126.21265912983282 169.9304312393568 216.30583821511286 112.33417168418795 197.64328886308948 172.35656124887097 27.7162230772156 196.2099027797923 153.2339883021251 184.35509380100865 144.85009503381838 283.17765968743083 147.33693621219794 -31.613531697129467 nan nan nan nan nan nan nan nan nan
2457540.62928 215.020464228 19.7361756081 nan nan nan nan nan nan nan nan nan nan nan nan nan nan nan nan nan nan nan nan nan nan nan nan nan nan nan nan nan nan nan nan nan nan nan 65.99732297205863 169.28468615751143 130.34634725777406 -8.711148648575305 179.38818010998457 232.0367091617455 187.80113168282173 319.90353634465095 314.6013827839305 136.12513391918833 254.86969203176446 138.9782008104828 305.63343597341907 246.07319583159025 265.8341191108853 108.1866066631919 294.5426008504894 nan nan nan nan nan nan nan nan nan
2457540.63668 269.828247725 29.2264644362 nan nan nan nan nan nan nan nan nan nan nan nan nan nan nan nan nan nan nan nan nan nan nan nan nan nan nan nan nan nan nan nan nan nan nan 91.93988782029245 207.00826305795638 121.34476030402791 -195.78849712814397 172.36980765570027 218.44085871693895 298.2751963820153 411.243415369797 343.880092225261 301.3925788851662 153.85852419209868 450.91118033406826 338.0553101448244 375.16650190279444 274.9061843621141 233.73944021592132 238.49489505568252 nan nan nan nan nan nan nan nan nan
2457540.64409 267.676896621 23.8359492278 nan nan nan nan nan nan nan nan nan nan nan nan nan nan nan nan nan nan nan nan nan nan nan nan nan nan nan nan nan nan nan nan nan nan nan 122.01337447962102 350.2068210334696 166.46622983351784 -163.32896474931164 152.20203220142676 266.5286222949519 349.3253819094406 424.24202148620975 288.05498242364683 352.9312618082358 294.67342943087095 326.7050731694565 261.21707692875617 183.0854731616741 285.01105399023277 201.09759065746005 235.0747417145908 nan nan nan nan nan nan nan nan nan
2457540.65194 4.80940349689 31.6025496043 nan nan nan nan nan nan nan nan nan nan nan nan nan nan nan nan nan nan nan nan nan nan nan nan nan nan nan nan nan nan nan nan nan nan nan 209.02011333039593 18.960122128333975 272.46556369088626 97.48047981333742 297.83505704360164 162.41365157003898 -61.740321141406916 -67.75218243401544 120.35177635806764 -57.574295211719544 -80.75423727765168 -91.58730439917743 -107.05520731114666 -72.93268590819395 -107.59713089512435 16.94209310212563 190.6350831171415 nan nan nan nan nan nan nan nan nan
2457541.62099 237.121226998 30.6179403196 nan nan nan nan nan nan nan nan nan nan nan nan nan nan nan nan nan nan nan nan nan nan nan nan nan nan nan nan nan nan nan nan nan nan nan 197.80984122522216 272.4321860435265 92.84416263817118 275.8237723619438 -107.58477572850421 41.95817193370541 295.48230785564374 354.3331939276497 423.14663680649056 321.3528809193782 250.1224340218911 312.4298847851484 324.7391321373696 282.3025799912402 245.38366078426844 163.2065034486234 55.59847496199053 nan nan nan nan nan nan nan nan nan
2457541.6284 108.361779957 17.478395346 nan nan nan nan nan nan nan nan nan nan nan nan nan nan nan nan nan nan nan nan nan nan nan nan nan nan nan nan nan nan nan nan nan nan nan 76.89534000786954 144.13716798279413 200.29505179870185 -144.38684589702171 104.29970987718899 -2.1487079895280736 113.56251672127561 105.456667280151 111.2559383461965 163.18717240224007 199.77714532294857 98.0246468992651 210.3732060890557 123.38261808189996 74.87888627175482 66.67862152114084 10.057622055308475 nan nan nan nan nan nan nan nan nan
2457541.63581 17.8605245275 39.9557064111 nan nan nan nan nan nan nan nan nan nan nan nan nan nan nan nan nan nan nan nan nan nan nan nan nan nan nan nan nan nan nan nan nan nan nan 355.8562855749605 345.76409999905877 159.4935411875816 260.24235245511517 154.3256822489671 131.56606579162525 -73.31709142423814 -200.2215606629346 -36.27280016212038 63.95570426995843 -21.795915527601586 -52.999829573021046 -190.98988065734585 120.66390809090566 -185.11234701754597 40.183553523579995 260.05016401191284 nan nan nan nan nan nan nan nan nan
2457541.64322 156.920596173 21.2598190769 nan nan nan nan nan nan nan nan nan nan nan nan nan nan nan nan nan nan nan nan nan nan nan nan nan nan nan nan nan nan nan nan nan nan nan 238.19307007268978 470.81351539413515 202.52740824070574 81.47883598883001 66.5570541337649 157.909791851555 268.0743327467226 108.58564775533743 257.34389882613937 136.78145430980035 81.12419176612532 116.42580471115083 161.18566915018084 87.2780467051266 253.9669064745249 98.05996771646488 101.39171183131849 nan nan nan nan nan nan nan nan nan
2457541.65061 254.461132134 27.6583784267 nan nan nan nan nan nan nan nan nan nan nan nan nan nan nan nan nan nan nan nan nan nan nan nan nan nan nan nan nan nan nan nan nan nan nan -95.89591150038007 135.71650381694792 191.62631815509937 184.26800265931155 155.24774398200293 251.70030049324095 397.27271810426504 281.6755263137318 328.02013278245886 255.9384057279409 110.9958883151073 362.99728219472536 302.72907678718497 458.67917028410045 286.51453207727985 184.54665786007442 184.53735116327726 nan nan nan nan nan nan nan nan nan
2457594.63398 59.0396763441 10.080736997 nan nan nan nan nan nan nan nan nan nan nan nan nan nan nan nan nan nan nan nan nan nan nan nan nan nan nan nan nan nan nan nan nan nan nan 28.550678496423608 -8.309051317563803 -7.493731917335182 -60.56266977503129 17.08090575708176 28.01652629469119 126.14341222070091 95.95996137000891 83.74408889185348 84.01252421872987 65.349674649366 83.27329466403012 101.71893282063968 63.90322357894664 53.93370779380284 64.92752717132487 75.38583402379159 nan nan nan nan nan nan nan nan nan
2457595.60245 17.7272939842 14.1598794809 nan nan nan nan nan nan nan nan nan nan nan nan nan nan nan nan nan nan nan nan nan nan nan nan nan nan nan nan nan nan nan nan nan nan nan -78.2475019822577 -56.59620437122324 -41.043581286388424 -84.3582556826757 -36.13429179638187 -78.1931291605776 64.94615139556856 79.20181212087795 57.06453280021527 58.76430631387571 21.9815856943837 25.09298166475641 91.69859798802204 76.13829987670202 58.519432155050765 35.13008903261013 34.35983194817857 nan nan nan nan nan nan nan nan nan
2457597.59829 -170.910486641 19.7010992742 nan nan nan nan nan nan nan nan nan nan nan nan nan nan nan nan nan nan nan nan nan nan nan nan nan nan nan nan nan nan nan nan nan nan nan -103.26608596026536 -96.05675593748677 -70.37138555610179 -21.923300896314103 -108.67870238242635 -62.566970861238595 -318.6477965402248 -222.68934414405447 -190.91124921655478 -120.39535149547257 -193.69542442466735 -211.15865608065647 -318.1896347321343 -244.27787981594955 -145.25489662705758 -190.9568909002419 -137.163607775087 nan nan nan nan nan nan nan nan nan
2457597.60571 -152.028440101 23.274043682 nan nan nan nan nan nan nan nan nan nan nan nan nan nan nan nan nan nan nan nan nan nan nan nan nan nan nan nan nan nan nan nan nan nan nan -16.602102961801386 -26.46817274784681 29.041349628909227 -81.82731772773123 -92.45861118287712 -45.49255535585877 -341.9177838598481 -198.3080103598214 -166.0153244589062 -153.11805602621962 -154.55489425110443 -135.69467339701575 -246.10665385036134 -265.9011360874491 -198.0432327876657 -255.02450336793797 -153.72463029328986 nan nan nan nan nan nan nan nan nan
2457597.61276 -177.569625708 25.4881960509 nan nan nan nan nan nan nan nan nan nan nan nan nan nan nan nan nan nan nan nan nan nan nan nan nan nan nan nan nan nan nan nan nan nan nan -40.56741312227797 -58.367711208536306 -40.05829757055988 -81.26221770194257 -48.29715774606912 -98.22101807852887 -367.1171551003017 -285.348724042597 -267.51133201651015 -169.0410418258771 -155.324993144087 -208.25796077028585 -242.91587804659497 -316.6442277670739 -91.29933185388084 -241.94001086679455 -294.24360746841216 nan nan nan nan nan nan nan nan nan
2457597.6204 -205.770709556 25.8422616317 nan nan nan nan nan nan nan nan nan nan nan nan nan nan nan nan nan nan nan nan nan nan nan nan nan nan nan nan nan nan nan nan nan nan nan -129.92102538313918 -42.2714742684884 -109.43115852506158 -16.257690775209745 -62.054296498025714 -80.49449129745014 -406.8690681835143 -217.3409151252494 -274.66548065350304 -198.98681770553776 -221.75100305532078 -348.45112235166766 -317.41608754030455 -219.8166696564834 -246.3084825984294 -181.90498217357538 -223.46951158914348 nan nan nan nan nan nan nan nan nan
2457597.62811 -231.723472561 29.5076411957 nan nan nan nan nan nan nan nan nan nan nan nan nan nan nan nan nan nan nan nan nan nan nan nan nan nan nan nan nan nan nan nan nan nan nan -91.82545435478335 -189.97161682009593 -104.06834282338639 -198.4797392176249 22.403108621424643 -96.83877268009861 -475.3477007284423 -320.0203173715121 -265.9041412385084 -358.51380817982084 -194.242260554501 -294.47029249171294 -366.85539914428773 -267.48278066720485 -241.45966872911302 -207.4400414809868 -206.50930512177294 nan nan nan nan nan nan nan nan nan
2457597.63531 -236.553383289 31.4364506932 nan nan nan nan nan nan nan nan nan nan nan nan nan nan nan nan nan nan nan nan nan nan nan nan nan nan nan nan nan nan nan nan nan nan nan -6.1588420199795655 -125.40879573668096 -48.433549700494645 11.049961612674604 -105.42138972949301 -127.37995490940204 -408.8250747183118 -369.10812230113106 -270.71294681859194 -314.25477585460203 -255.56569941544265 -228.75181616665012 -407.4260308447233 -432.60943473078885 -262.8364132177384 -252.91810703908973 -245.12715450726594 nan nan nan nan nan nan nan nan nan
2457597.64277 159.600493218 20.4234130863 nan nan nan nan nan nan nan nan nan nan nan nan nan nan nan nan nan nan nan nan nan nan nan nan nan nan nan nan nan nan nan nan nan nan nan 145.32029224615627 245.73776521338502 74.67278121631233 56.113275276537536 109.52814268697907 14.510667374561104 299.2812668563775 253.3190671111002 231.68605663422426 183.0761490756649 130.2206417004711 137.63241998204256 273.1509783029864 184.9780419459666 55.67292480323213 134.21155293753566 251.95509147079827 nan nan nan nan nan nan nan nan nan
2457597.64996 -198.548498298 22.4915661839 nan nan nan nan nan nan nan nan nan nan nan nan nan nan nan nan nan nan nan nan nan nan nan nan nan nan nan nan nan nan nan nan nan nan nan -126.70667570798754 -153.8982623590302 -2.5803792271835495 -153.50379850520994 -105.06605262397707 -104.84910142266963 -400.91639953329144 -296.11954644295787 -214.31962958481694 -211.2036042187179 -196.1121332095536 -254.8768893383172 -336.6014520008931 -201.85220015256613 -187.02639414489056 -133.2471175420523 -187.76439704265883 nan nan nan nan nan nan nan nan nan
2457597.65737 -174.831257629 24.738343928 nan nan nan nan nan nan nan nan nan nan nan nan nan nan nan nan nan nan nan nan nan nan nan nan nan nan nan nan nan nan nan nan nan nan nan -94.91364785999421 -102.35009333446912 -37.187913632435624 -28.367720810523693 -48.12504443287242 9.834560215948787 -394.97862296304066 -244.95597308897024 -216.15259410367443 -189.13761011833606 -162.24467105077198 -238.45499126167223 -265.38160672941723 -233.7586920580532 -168.64090715669926 -229.01624308967297 -230.53214874647622 nan nan nan nan nan nan nan nan nan
2457597.66472 -345.700629078 40.9275496368 nan nan nan nan nan nan nan nan nan nan nan nan nan nan nan nan nan nan nan nan nan nan nan nan nan nan nan nan nan nan nan nan nan nan nan -240.19881318206816 -289.11615030401157 -44.099469756614205 -213.85102879761845 -156.42240442378176 -102.12130914293468 -716.1126058537582 -567.4957328703651 -272.31212339740586 -283.1738774600403 -376.325053627548 -447.3045308786745 -491.4215968710777 -516.9103860229575 -340.74300275942886 -296.13767506692056 -360.2001118972297 nan nan nan nan nan nan nan nan nan
2457597.67257 -287.82137645 33.1878479367 nan nan nan nan nan nan nan nan nan nan nan nan nan nan nan nan nan nan nan nan nan nan nan nan nan nan nan nan nan nan nan nan nan nan nan -197.26343899236136 -108.47026104630996 -140.1244113348512 -150.55383116582988 -138.11731801527762 -61.46125713383007 -461.9693330663153 -532.4157749151776 -407.22793596600815 -364.1719068088016 -223.33329307058162 -282.087792003507 -422.4360323779111 -427.368408903034 -246.24881415378889 -312.6983843735105 -333.2930520375148 nan nan nan nan nan nan nan nan nan
2457597.67991 -206.560622251 38.5165084686 nan nan nan nan nan nan nan nan nan nan nan nan nan nan nan nan nan nan nan nan nan nan nan nan nan nan nan nan nan nan nan nan nan nan nan 51.05934930504763 -7.358790894737734 -141.64549973393108 -178.5147262189987 34.74608917174915 -0.7647881862858813 -422.4827221562044 -276.6526353221342 -320.4686319530368 -206.43676383225124 -176.1983044060946 -302.08391631506464 -421.14678478002816 -376.40825624712295 -237.54788142366104 -233.76688449773954 -385.7431488195799 nan nan nan nan nan nan nan nan nan
2457597.68739 -49.4313694316 41.6202887755 nan nan nan nan nan nan nan nan nan nan nan nan nan nan nan nan nan nan nan nan nan nan nan nan nan nan nan nan nan nan nan nan nan nan nan 62.645588182307826 106.81352244659652 65.77645553397221 20.17369170293525 219.4673232151182 216.95900832504526 -146.68734863400212 -221.46564918203933 -166.60715052510642 -108.55172680114525 -85.7716430272312 -133.03075189998697 -270.49491706274694 -247.10450285422235 -159.4611003663325 -228.58804688992143 -285.56429799114727 nan nan nan nan nan nan nan nan nan
2457603.49294 173.565724913 31.1513315014 nan nan nan nan nan nan nan nan nan nan nan nan nan nan nan nan nan nan nan nan nan nan nan nan nan nan nan nan nan nan nan nan nan nan nan 66.27516731923579 40.95932142378992 32.377962514137614 132.3437532436128 -19.73612293279498 -0.9390875851829067 444.5267239710285 231.00732709543612 384.76050231944646 143.4840817826149 115.11926281858695 220.58791939462867 223.14345145952663 250.12263601103496 299.12352034163854 202.87778263893594 169.32059299845065 nan nan nan nan nan nan nan nan nan
2457603.50076 -6.93819673548 18.732804765 nan nan nan nan nan nan nan nan nan nan nan nan nan nan nan nan nan nan nan nan nan nan nan nan nan nan nan nan nan nan nan nan nan nan nan 50.70216620815351 98.17433085018436 -154.43664268128254 -156.88163688017525 36.92721607026072 60.32208781913957 -118.73476358707514 -98.04939957072908 -78.66345864897524 -39.956853899878105 37.26982836691802 9.046740616487035 53.28001654694781 24.321219760703997 33.69297469027639 -130.30015712312255 54.676211581585925 nan nan nan nan nan nan nan nan nan
2457603.50818 -265.950904552 38.3890174156 nan nan nan nan nan nan nan nan nan nan nan nan nan nan nan nan nan nan nan nan nan nan nan nan nan nan nan nan nan nan nan nan nan nan nan -227.86476143098787 -124.87309299986633 -50.14223550200042 -19.14729543772217 -98.71904430343994 41.85270651193068 -486.0600051934104 -458.24499147142024 -393.2086605415719 -300.2523113365967 -276.59854052594596 -326.9444604985313 -458.63267297486453 -318.312138503221 -331.19337097035054 -173.8130222576988 -337.9496257102439 nan nan nan nan nan nan nan nan nan
2457603.51563 -47.1262355371 31.3847386363 nan nan nan nan nan nan nan nan nan nan nan nan nan nan nan nan nan nan nan nan nan nan nan nan nan nan nan nan nan nan nan nan nan nan nan 36.648877876742155 76.75833273203433 38.653005681747295 -290.8161792802945 -24.520309974985743 164.7252176165413 -254.76490290456022 -241.97777641176884 -278.9712550906375 17.618498872426095 50.54831830919124 -126.35069931838014 -86.2860196253126 -29.22120924794863 -32.87385224552967 -76.61042837590476 -22.874527794132938 nan nan nan nan nan nan nan nan nan
2457603.52311 123.625384787 41.4359674344 nan nan nan nan nan nan nan nan nan nan nan nan nan nan nan nan nan nan nan nan nan nan nan nan nan nan nan nan nan nan nan nan nan nan nan 220.58891464025015 191.19167270260118 256.3094624458107 344.53101214009905 242.63040351263325 235.50430955367415 -257.0412144158703 -156.42993852158634 -198.14007359088112 162.020619693915 291.3796914974749 232.70840764988304 24.254399597028886 51.379281496699136 112.9775716165814 253.56437028337714 140.82222083096767 nan nan nan nan nan nan nan nan nan
2457603.5307 210.466861634 28.6364923456 nan nan nan nan nan nan nan nan nan nan nan nan nan nan nan nan nan nan nan nan nan nan nan nan nan nan nan nan nan nan nan nan nan nan nan 3.703598546835037 82.18072365630414 207.70489107356855 -79.24073052485579 104.62691667202154 108.86676799468523 415.88618148370995 285.22703418359026 445.1370850683731 250.89196800409223 136.05773089516475 253.09173140590246 264.5210257599461 262.27467586275145 226.81003109010058 245.3627092750993 292.93056696391716 nan nan nan nan nan nan nan nan nan
2457603.53796 171.872196298 28.6052210236 nan nan nan nan nan nan nan nan nan nan nan nan nan nan nan nan nan nan nan nan nan nan nan nan nan nan nan nan nan nan nan nan nan nan nan 314.37148311960823 364.08945140149063 254.16089672598125 171.6605713377489 -40.272708243476565 235.50712618755108 -131.51365390261867 105.12608763027033 146.6069507455679 181.03557543065025 235.6724542511785 237.0455234766225 67.32165037881101 159.9752183728026 219.39612020802033 200.41105047069482 242.89868045747272 nan nan nan nan nan nan nan nan nan
2457603.54548 184.203165871 22.742497624 nan nan nan nan nan nan nan nan nan nan nan nan nan nan nan nan nan nan nan nan nan nan nan nan nan nan nan nan nan nan nan nan nan nan nan 260.4170513845352 225.29246374949972 173.02366103383707 116.54777834871909 98.97634857787642 120.9429085968504 -91.15226324482376 168.28797097662854 102.17588024988216 159.11493815268454 279.2379245976418 286.85932084189585 143.8959245011424 163.70217254392142 247.6811706669267 243.26840732222124 306.0321992531784 nan nan nan nan nan nan nan nan nan
2457603.55271 -272.120351131 40.9825455884 nan nan nan nan nan nan nan nan nan nan nan nan nan nan nan nan nan nan nan nan nan nan nan nan nan nan nan nan nan nan nan nan nan nan nan -13.438035942138429 -105.08250739704818 -40.13961159663247 55.019798470423325 -36.43298290874417 -61.15551927574561 -506.7729593229698 -465.71661544824235 -399.78897668535853 -293.26592160365476 -293.2925526159225 -358.5695627788111 -464.75134804717203 -429.25409772415003 -264.18121070880414 -288.825308235916 -355.8340412503579 nan nan nan nan nan nan nan nan nan
2457603.5601 161.542956216 26.3231326031 nan nan nan nan nan nan nan nan nan nan nan nan nan nan nan nan nan nan nan nan nan nan nan nan nan nan nan nan nan nan nan nan nan nan nan 151.84072029758767 127.87281831636312 239.13444787557782 238.57394645187364 153.40537627043247 91.06056192189507 -88.4394160858426 -42.40973828576088 49.42362194127362 152.65481000465724 243.92670327370448 312.4214604574354 74.88721943905442 175.18140186904668 271.53474442862546 244.70653781118747 227.736301909139 nan nan nan nan nan nan nan nan nan
2457603.56751 180.0840974 29.4389037239 nan nan nan nan nan nan nan nan nan nan nan nan nan nan nan nan nan nan nan nan nan nan nan nan nan nan nan nan nan nan nan nan nan nan nan 139.20265131962455 253.7138563489143 283.36077776737716 297.8862720291556 209.48318297880763 196.33844023887812 -192.20177926136208 97.78940630546138 39.98003181391657 195.59803077093267 321.46471599555343 206.43265407886716 77.61609791554534 160.44409698298378 267.1279071616115 193.37962222307507 322.6234799554609 nan nan nan nan nan nan nan nan nan
2457603.57477 -262.100366037 45.3163211682 nan nan nan nan nan nan nan nan nan nan nan nan nan nan nan nan nan nan nan nan nan nan nan nan nan nan nan nan nan nan nan nan nan nan nan -57.31197755870114 -45.08778493226871 2.640848229269014 27.511085911668893 -45.12971721921278 66.8965289614749 -448.888687150668 -505.11869840729406 -331.1576265752361 -317.73414182998147 -251.63267389092275 -472.22657060536756 -392.218627718839 -399.8035662801085 -301.29748661851175 -296.1735392252242 -369.0539980764189 nan nan nan nan nan nan nan nan nan
2457603.5831 -291.374442715 49.4855722803 nan nan nan nan nan nan nan nan nan nan nan nan nan nan nan nan nan nan nan nan nan nan nan nan nan nan nan nan nan nan nan nan nan nan nan -82.38427705273348 -102.28941466773726 19.494378806456677 -10.936891653891927 -54.759788494910204 138.19957941489704 -502.860290417019 -491.8104444963018 -452.7560972072016 -356.7803376255101 -300.96945762792154 -388.2533047315606 -545.9308390585476 -428.5467869140918 -328.1032616722641 -339.73205407996494 -383.91966787087784 nan nan nan nan nan nan nan nan nan
2457606.53108 129.89956057 29.7598673987 nan nan nan nan nan nan nan nan nan nan nan nan nan nan nan nan nan nan nan nan nan nan nan nan nan nan nan nan nan nan nan nan nan nan nan -8.14029234665891 -24.08044218900245 -50.22773278575049 131.71552684732333 -51.91099932661301 -14.178324729430216 349.6970286661963 174.13750137824692 174.53647266446694 129.20003433345113 103.4762722463004 117.41341768950696 295.6163252335642 287.68567048047134 164.19147320313286 206.46386501461978 158.84939535150107 nan nan nan nan nan nan nan nan nan
2457606.53836 -98.4245753909 20.6339508339 nan nan nan nan nan nan nan nan nan nan nan nan nan nan nan nan nan nan nan nan nan nan nan nan nan nan nan nan nan nan nan nan nan nan nan -15.292007415208076 -23.62300866389871 -6.6747738243705825 -100.87016053090576 -65.74278714696763 49.52929882150899 -273.73816055896816 -133.10443469264519 -295.1423433127524 -112.94086713300577 -48.73151630042195 -88.41144975739819 -156.068521359591 -99.3715419502704 -140.77166581333879 -79.1367612814851 -125.95987942277995 nan nan nan nan nan nan nan nan nan
2457606.54575 124.741415963 24.6549829946 nan nan nan nan nan nan nan nan nan nan nan nan nan nan nan nan nan nan nan nan nan nan nan nan nan nan nan nan nan nan nan nan nan nan nan 77.49797300823282 -19.50613201002517 -2.6754240470040687 121.76735530255942 -11.520455274443451 -12.386085023536472 274.67329735856265 201.088663827391 219.24039435913403 105.99604958802021 56.84622088468769 204.5950163561409 257.41909056139997 230.1087176700882 130.6278974535571 172.00634274645267 58.218971728388084 nan nan nan nan nan nan nan nan nan
2457606.5532 114.48660278 24.935658754 nan nan nan nan nan nan nan nan nan nan nan nan nan nan nan nan nan nan nan nan nan nan nan nan nan nan nan nan nan nan nan nan nan nan nan 28.95078704106443 -45.749382902399255 -33.098165879947146 86.06394522258682 -8.551106121422752 -11.556053057554386 185.93974453870632 220.40063938526583 298.51399022689145 93.91820531955372 49.25625181978003 200.63295005102904 194.43481289900097 192.0398740987106 141.07878192088342 160.87110151213437 216.40578036355475 nan nan nan nan nan nan nan nan nan
2457606.56054 94.816947223 15.8928451192 nan nan nan nan nan nan nan nan nan nan nan nan nan nan nan nan nan nan nan nan nan nan nan nan nan nan nan nan nan nan nan nan nan nan nan 167.9734145296344 131.32221045259186 218.40892960094868 61.933129011243075 53.193027885497926 39.65771395155179 -20.269982649180832 -4.121663799220518 104.08872375182814 77.54573429097768 95.6571735051915 151.66925329577268 42.341236828366576 79.96472314858111 143.29297430495498 129.50608748272384 219.35936531860298 nan nan nan nan nan nan nan nan nan
2457606.56771 136.117882168 37.3401800264 nan nan nan nan nan nan nan nan nan nan nan nan nan nan nan nan nan nan nan nan nan nan nan nan nan nan nan nan nan nan nan nan nan nan nan -83.38666942101875 8.952534985116356 -105.49585683373779 67.91800741668504 30.558319464836064 -53.25440094122937 365.7824719371056 197.7373283140785 349.0705067429109 121.84100241719337 114.92410751212297 235.7152147939068 424.7263579465643 182.46330395912838 96.12875672598719 87.04528886171535 211.28631424849928 nan nan nan nan nan nan nan nan nan
2457606.57548 167.411000455 27.1814564804 nan nan nan nan nan nan nan nan nan nan nan nan nan nan nan nan nan nan nan nan nan nan nan nan nan nan nan nan nan nan nan nan nan nan nan 63.61943741233393 37.25900328198467 -69.66595737744206 188.47806636570132 165.33679420682296 22.95191686831963 370.81828989763005 229.12020752075904 312.78330426552475 120.70817709680516 157.96964637140573 213.11105297062764 308.40795935763435 257.54774110605337 130.5348501891069 141.43899304867065 175.13962563963682 nan nan nan nan nan nan nan nan nan
2457606.58262 130.833582177 27.2817890675 nan nan nan nan nan nan nan nan nan nan nan nan nan nan nan nan nan nan nan nan nan nan nan nan nan nan nan nan nan nan nan nan nan nan nan -59.67929671750931 -42.01010199167173 39.673775095232905 221.83070106632022 31.08707607791895 -52.848407718189456 207.45968002472952 240.29066032426118 305.6610207188603 189.59120641538846 44.5479735877535 159.50107200138947 240.42410809275972 216.68624891044826 140.19793447571513 209.3803635047476 186.4964077360556 nan nan nan nan nan nan nan nan nan
2457606.58992 149.942871764 33.2716551692 nan nan nan nan nan nan nan nan nan nan nan nan nan nan nan nan nan nan nan nan nan nan nan nan nan nan nan nan nan nan nan nan nan nan nan 39.76182397979876 -30.27542292135302 102.94892936209247 -184.02464584753872 40.895832946217475 -71.5094565326575 427.1921165532467 140.8716638051598 354.98502467478556 192.34357915862137 127.29150863102423 165.53759719806348 325.6738987327069 212.53193894851816 144.4557177703174 131.81666040808142 249.5719271340437 nan nan nan nan nan nan nan nan nan
2457606.60956 104.252482799 51.750896508 nan nan nan nan nan nan nan nan nan nan nan nan nan nan nan nan nan nan nan nan nan nan nan nan nan nan nan nan nan nan nan nan nan nan nan -189.0060930266511 -396.8323040267051 -52.41352515107708 -41.69519565116385 -190.7084283763096 -291.06671920061433 137.16770024988412 99.22388863902378 88.93320691279136 184.31069195690267 166.45392298508182 241.42580361325486 375.16807309854704 329.0053801583953 163.53695267715744 202.23897559770032 306.58007576476865 nan nan nan nan nan nan nan nan nan
2457606.61784 153.270266774 44.5101128605 nan nan nan nan nan nan nan nan nan nan nan nan nan nan nan nan nan nan nan nan nan nan nan nan nan nan nan nan nan nan nan nan nan nan nan 89.07219681249879 -118.03714651882572 -243.9624064669933 318.83368753427345 -51.48188026649037 -82.2592587174418 263.87039269790904 260.92563273325305 573.8462849935302 84.53223414469254 194.9496496781957 190.69831208853708 322.2461259565806 272.19732483140103 219.40740532985694 213.90935977345453 65.92402512357057 nan nan nan nan nan nan nan nan nan
2457609.64337 -44.7329329908 10.9008269934 nan nan nan nan nan nan nan nan nan nan nan nan nan nan nan nan nan nan nan nan nan nan nan nan nan nan nan nan nan nan nan nan nan nan nan -156.1611467116414 -12.68686798392615 -114.07653991251007 -2.4537334962023367 -61.26428056028335 -16.240211439396788 -110.48764874561078 -93.29060729096547 22.6449248764823 1.9443112853579365 5.6567561150804755 -30.491127260668645 -46.65958278535798 -80.43431867878823 -39.720665795417375 -41.00645576871177 -11.785471424071186 nan nan nan nan nan nan nan nan nan
2457612.56637 -224.201780409 35.9334642473 nan nan nan nan nan nan nan nan nan nan nan nan nan nan nan nan nan nan nan nan nan nan nan nan nan nan nan nan nan nan nan nan nan nan nan -73.62994836264792 30.872407965255103 -74.13595160330831 166.620697158877 -123.94341448189913 26.484941200022543 -443.6529417662743 -412.35751590344506 -295.2331778505207 -273.3777694706148 -202.79276208822714 -323.56333271473994 -342.66289299201406 -303.80095981980907 -242.74484299687717 -276.762198786874 -196.06142427503386 nan nan nan nan nan nan nan nan nan
2457612.57379 276.281670356 39.9469850178 nan nan nan nan nan nan nan nan nan nan nan nan nan nan nan nan nan nan nan nan nan nan nan nan nan nan nan nan nan nan nan nan nan nan nan 269.1801010620247 123.62760361185232 164.75594393459485 131.32391938281586 70.16598748187997 24.80807818483421 142.08491147064598 427.67353407207804 69.02292678275414 393.87951291575274 288.9209778980251 402.71116338680537 597.6864221323682 421.291670126752 334.6439197078636 306.8826113172901 300.685535742362 nan nan nan nan nan nan nan nan nan
2457612.58104 -49.199983863 25.813904919 nan nan nan nan nan nan nan nan nan nan nan nan nan nan nan nan nan nan nan nan nan nan nan nan nan nan nan nan nan nan nan nan nan nan nan -53.36369468768571 -80.9141507568247 121.26031185880035 140.8239926489689 -60.367646842258445 76.68103510791764 -151.0460275240982 24.663731677972695 -282.8083103313855 -49.26094529534791 12.186528512066085 -75.85287140978416 -206.27129343919987 -100.02466493772648 71.64282280739626 -82.94317356899822 -144.45641512045273 nan nan nan nan nan nan nan nan nan
2457612.59164 -162.763089077 32.2792064679 nan nan nan nan nan nan nan nan nan nan nan nan nan nan nan nan nan nan nan nan nan nan nan nan nan nan nan nan nan nan nan nan nan nan nan 86.47062803194284 68.64966586495046 -38.67807734710911 -18.09714591347671 -70.27735133892298 23.45929955624478 -415.1983003430009 -334.2620396799781 -231.24512556797052 -142.4637903565882 -162.74398384232023 -217.49316938214747 -220.19924437020737 -283.59991004015944 -189.97059602107828 -203.07874899898587 -125.92481873041328 nan nan nan nan nan nan nan nan nan
2457612.60771 -229.104427845 34.9921839225 nan nan nan nan nan nan nan nan nan nan nan nan nan nan nan nan nan nan nan nan nan nan nan nan nan nan nan nan nan nan nan nan nan nan nan -39.74147158891251 9.955243847503032 -95.54647827508121 30.290297118141293 -12.435068286934923 -51.61620013169964 -533.8470550034748 -406.9253257087379 -226.6077953597563 -235.7980098290384 -306.6657894660134 -342.7004261605975 -290.00592407172456 -237.39175744052633 -238.13454025482102 -204.4743846148312 -232.9857208413688 nan nan nan nan nan nan nan nan nan
2457612.61514 298.545906371 48.2119957401 nan nan nan nan nan nan nan nan nan nan nan nan nan nan nan nan nan nan nan nan nan nan nan nan nan nan nan nan nan nan nan nan nan nan nan 78.92456364021825 6.673484734753096 25.825125077751995 222.2659315584102 74.70851594615418 71.25751781531848 239.38037825534556 619.3394134324275 370.69252231552997 355.47724771734187 374.78715828238956 375.7162411727829 606.4636482545563 529.8311421096355 283.809047476362 251.09753887271384 504.0699024853108 nan nan nan nan nan nan nan nan nan
2457612.6225 283.985658773 38.92229315 nan nan nan nan nan nan nan nan nan nan nan nan nan nan nan nan nan nan nan nan nan nan nan nan nan nan nan nan nan nan nan nan nan nan nan 283.65255282433066 210.31580846658105 202.98155641928062 259.3596916367136 204.13010769062893 6.206705811397411 -75.18749430762098 391.885809197153 40.482070807672336 393.2400379352865 373.5615497266214 262.2890548568642 460.66647415430424 423.1184881088938 317.9279247501248 443.334162336593 467.30085466853615 nan nan nan nan nan nan nan nan nan
2457612.63007 232.097697361 54.6866899072 nan nan nan nan nan nan nan nan nan nan nan nan nan nan nan nan nan nan nan nan nan nan nan nan nan nan nan nan nan nan nan nan nan nan nan -48.875077977076124 11.926940672968122 -47.49296510190338 -48.87392214819712 -91.51326663611074 -76.68648750881547 182.09810235024253 396.91016057577724 174.93052150058318 470.4984799032134 286.41264462160325 405.0532857983464 596.5606889641093 404.0645541280809 240.39881751432284 343.076387042175 484.6927519982676 nan nan nan nan nan nan nan nan nan
2457612.63748 282.477261868 31.4412364319 nan nan nan nan nan nan nan nan nan nan nan nan nan nan nan nan nan nan nan nan nan nan nan nan nan nan nan nan nan nan nan nan nan nan nan 215.23213388334176 239.61985719270987 276.87244382932084 80.43951768006406 195.89496749959363 135.06362136116013 -113.90017972837866 309.9759852531262 253.7494048815262 449.45940520403445 334.5939075794242 342.7719503286865 304.43898080091344 336.4653418939902 416.6425757282603 358.0651448814645 391.6045658823065 nan nan nan nan nan nan nan nan nan
2457612.6449 -314.754042555 51.5785663241 nan nan nan nan nan nan nan nan nan nan nan nan nan nan nan nan nan nan nan nan nan nan nan nan nan nan nan nan nan nan nan nan nan nan nan -71.96190875452022 64.60732610275984 -101.49806468624917 32.80683105552154 -92.38931166606898 51.824163494661356 -653.4289997797633 -545.537335336997 -322.4753055932706 -412.0276952604296 -398.41591128936017 -438.4772014987801 -423.4583588214928 -502.6725423722096 -397.0556190854569 -285.48538461385664 -421.6675133549428 nan nan nan nan nan nan nan nan nan
2457612.65225 -436.039810925 60.6356609077 nan nan nan nan nan nan nan nan nan nan nan nan nan nan nan nan nan nan nan nan nan nan nan nan nan nan nan nan nan nan nan nan nan nan nan -61.26059266947768 -246.68665435084094 27.464356573325226 -89.77909425986346 -153.1571450591597 -11.318004644665377 -784.1604306630886 -719.7339777020354 -662.0641079116496 -602.5881768088658 -284.52651746994354 -530.294367837028 -564.3582093795369 -612.6626484322692 -557.459944752329 -431.4034392928894 -502.0192244910634 nan nan nan nan nan nan nan nan nan
2457613.56384 -39.9892129137 6.82057218604 nan nan nan nan nan nan nan nan nan nan nan nan nan nan nan nan nan nan nan nan nan nan nan nan nan nan nan nan nan nan nan nan nan nan nan -34.77542500136962 -77.57454822859584 -30.701566065422483 -28.522420785414887 -42.334270440197194 -52.12136092246303 -88.27463606241804 -43.0403257778803 -25.911330167088945 -29.726235833728243 -0.7922373407958817 -56.24985825431141 -75.82468901398785 -43.6249977594616 -5.947181331541885 13.369868946430028 -50.51306166219654 nan nan nan nan nan nan nan nan nan
2457614.55879 45.3776507055 15.0905395834 nan nan nan nan nan nan nan nan nan nan nan nan nan nan nan nan nan nan nan nan nan nan nan nan nan nan nan nan nan nan nan nan nan nan nan 22.10390000175547 -7.497719048412855 -9.631722775966036 45.87739802585895 65.83641305251821 -78.72710265167393 43.09631838241186 12.973996882306842 4.269607606107772 32.88438511559152 118.34177785194582 46.162194575600985 97.77952346841826 63.43531107955286 152.73311701583492 -16.49023628193329 100.48785350426826 nan nan nan nan nan nan nan nan nan
2457614.56615 -196.747083716 22.4332235167 nan nan nan nan nan nan nan nan nan nan nan nan nan nan nan nan nan nan nan nan nan nan nan nan nan nan nan nan nan nan nan nan nan nan nan -81.36413307043516 -103.36597009618824 -10.833733084137371 -164.0942896405468 -66.83871104320494 -110.42159149151742 -326.8844396066683 -240.36566217933412 -306.78443881935516 -286.0183303788604 -115.04342670496263 -231.27805427188082 -312.218863579713 -248.6916659573753 -190.53202050297742 -197.81320416481137 -220.59742669283196 nan nan nan nan nan nan nan nan nan
2457614.57537 144.11375658 29.7787814182 nan nan nan nan nan nan nan nan nan nan nan nan nan nan nan nan nan nan nan nan nan nan nan nan nan nan nan nan nan nan nan nan nan nan nan -17.570176261069854 55.21383859292091 88.06560879938012 24.14132743249901 -62.55742053822252 -9.5215992531766 379.2091098013262 213.23595450730497 304.72466593190825 200.18109198223505 170.29327614151643 165.0139885927195 223.2105622802124 280.21636641707323 110.83384334662601 233.81973930852365 279.9025469236839 nan nan nan nan nan nan nan nan nan
2457614.58291 62.8628035542 17.1768512704 nan nan nan nan nan nan nan nan nan nan nan nan nan nan nan nan nan nan nan nan nan nan nan nan nan nan nan nan nan nan nan nan nan nan nan 180.59445992884548 27.87603892953987 141.94270785631028 126.45267141994435 128.08513574399876 84.76258440750027 -115.51117173377058 -25.24180926973885 -39.05286562220054 64.94855916291166 113.6125754527716 26.599327150754856 54.29206016489359 80.43999334402575 103.2646468773654 20.059789027943197 98.02192994659553 nan nan nan nan nan nan nan nan nan
2457614.5901 156.532506228 26.9681544758 nan nan nan nan nan nan nan nan nan nan nan nan nan nan nan nan nan nan nan nan nan nan nan nan nan nan nan nan nan nan nan nan nan nan nan 80.39589139925327 118.58871109541079 -10.462407538964749 28.225562270820646 97.28474165125138 -20.30509275085325 330.62809819588455 257.13453958460127 379.69094345073285 244.01088035621498 119.08215994954125 123.39108150243173 272.3243669471402 245.55793585252871 108.01001278744471 247.03087107549425 190.44796059549415 nan nan nan nan nan nan nan nan nan
2457614.61925 -146.546193172 29.3766309463 nan nan nan nan nan nan nan nan nan nan nan nan nan nan nan nan nan nan nan nan nan nan nan nan nan nan nan nan nan nan nan nan nan nan nan 30.100427702527796 -8.934562721948385 -89.1962537271771 73.42720249985406 -74.68935373868936 14.324682519961957 -408.1241415292376 -249.86146453824364 -226.75866436983895 -93.07695396011415 -139.42992250363275 -148.02683851961078 -284.315524380923 -276.7334202266949 -171.93657175855552 -83.39996207948528 -127.23362572990033 nan nan nan nan nan nan nan nan nan
2457614.6289 -153.834535479 36.5950242194 nan nan nan nan nan nan nan nan nan nan nan nan nan nan nan nan nan nan nan nan nan nan nan nan nan nan nan nan nan nan nan nan nan nan nan 84.21656767282967 -69.23696943234557 23.39611612991384 78.14929686201353 35.814396462795116 30.89676960050475 -447.59485513462937 -296.0406401581931 -346.71641167004606 -167.6695977481449 -89.6135705800662 -220.13927327677044 -299.245669540082 -273.0971799398157 -141.83507075261778 -142.51445011041457 -203.01131575819704 nan nan nan nan nan nan nan nan nan
2457614.63641 -125.695593454 31.5000211162 nan nan nan nan nan nan nan nan nan nan nan nan nan nan nan nan nan nan nan nan nan nan nan nan nan nan nan nan nan nan nan nan nan nan nan -48.995108210753 128.6758324821265 66.54522725546879 162.31270681924514 1.5178591040163947 -26.008139252541593 -326.58612849533415 -206.38874588642955 -298.0984944070371 -182.37381733807914 -109.08609235153924 -93.9320831248444 -255.06357475906793 -264.60903324951846 -151.9919078073844 -154.56887055963534 -144.31278167834938 nan nan nan nan nan nan nan nan nan
2457614.64818 -185.038023137 36.2755894187 nan nan nan nan nan nan nan nan nan nan nan nan nan nan nan nan nan nan nan nan nan nan nan nan nan nan nan nan nan nan nan nan nan nan nan 67.29340903010379 -32.81104547730727 -58.5986013943261 41.417551190886435 -77.13839165543178 74.5268809417718 -464.8130205977959 -308.9909654518762 -364.27988481346165 -207.21076683005055 -131.24368015777924 -243.15559551393926 -292.2540325306802 -276.2720577944941 -216.49398741275283 -261.26703644556073 -192.3428318189829 nan nan nan nan nan nan nan nan nan
2457614.6557 -147.674730033 32.8232659308 nan nan nan nan nan nan nan nan nan nan nan nan nan nan nan nan nan nan nan nan nan nan nan nan nan nan nan nan nan nan nan nan nan nan nan 26.210822173683365 -31.62663417144705 144.57625021565443 133.80276055596832 -55.6313602006811 -51.2417117481804 -417.9677809761327 -285.4483883968448 -216.39769764806545 -113.96393689076494 -125.54664814158403 -204.5935686617626 -285.9177697173878 -265.00715154959664 -157.10395990280384 -116.78901869489974 -182.70008468057426 nan nan nan nan nan nan nan nan nan
2457615.59281 -337.458298387 73.7088470282 nan nan nan nan nan nan nan nan nan nan nan nan nan nan nan nan nan nan nan nan nan nan nan nan nan nan nan nan nan nan nan nan nan nan nan -186.94063328850953 -18.326482168730347 210.46869940961574 -77.49523500193041 -179.95622706457735 62.350134283478155 -985.65886962574 -534.7425987205912 -644.4352247755593 -290.1253866208115 -186.35718060436912 -331.715472927607 -757.8186632356355 -569.9357790434483 -279.4907342247981 -315.7303596681075 -471.4052030084252 nan nan nan nan nan nan nan nan nan
2457615.60016 130.898075184 111.018321797 nan nan nan nan nan nan nan nan nan nan nan nan nan nan nan nan nan nan nan nan nan nan nan nan nan nan nan nan nan nan nan nan nan nan nan 122.1875179818535 104.77989430410652 150.49905491669787 -131.34606111450762 381.2000319847977 -47.713681972530935 -711.9963817405452 -477.9563638788051 -697.2690092528348 720.9498840645023 258.2358367627611 569.3635792086907 -362.56900323432285 432.5412400460044 561.1829017747788 661.9988857334278 -95.13653634576143 nan nan nan nan nan nan nan nan nan
2457615.63723 -61.2729586387 38.3972115932 nan nan nan nan nan nan nan nan nan nan nan nan nan nan nan nan nan nan nan nan nan nan nan nan nan nan nan nan nan nan nan nan nan nan nan 130.23954532775085 -74.69652352646236 128.64960941794618 85.0997670980323 -172.01960024730303 50.69728996783807 -103.16411365022888 58.77353465138905 -37.377616426621394 -203.75396884620167 -183.20522187197568 260.7435716900561 -249.62042134712874 -114.13451009825646 -184.10936830191346 -161.94354920175238 -178.17321971191848 nan nan nan nan nan nan nan nan nan
2457615.65966 -888.269854502 98.8834700714 nan nan nan nan nan nan nan nan nan nan nan nan nan nan nan nan nan nan nan nan nan nan nan nan nan nan nan nan nan nan nan nan nan nan nan -465.75751864298843 -460.5483694672625 -594.2763924200386 -802.8107532218185 -258.98113938326804 -201.94865284966912 -1582.303974347163 -1405.0803911057233 -1318.5038769262478 -908.3883159185818 -970.9911769171439 -1162.5253483100612 -1250.3102461596345 -1140.1962546356128 -760.3289224291467 -962.9148870483361 -765.1980732464533 nan nan nan nan nan nan nan nan nan
2457615.66658 -84.7549979338 47.9857498378 nan nan nan nan nan nan nan nan nan nan nan nan nan nan nan nan nan nan nan nan nan nan nan nan nan nan nan nan nan nan nan nan nan nan nan 231.4203229856622 187.44840132017168 39.38635262602012 227.32581990522337 -124.06848844107773 -169.72909015802293 81.01730735342049 -115.4631842489038 -273.95349477476617 -329.9869791546374 -369.9542852726468 173.64325512633368 -268.0867226090605 7.147403937951137 -37.879202233915024 -244.180880796216 -258.58918181984694 nan nan nan nan nan nan nan nan nan
2457617.54417 -52.2174790114 12.4156910167 nan nan nan nan nan nan nan nan nan nan nan nan nan nan nan nan nan nan nan nan nan nan nan nan nan nan nan nan nan nan nan nan nan nan nan -21.681437456522 -52.07632734986036 -98.41142906086236 -53.46855584166936 39.4990772780995 3.742821753795728 -73.26756778512087 -107.64634591444973 -25.966138254186337 19.32459432114742 -24.22693371101336 -65.53119015511143 -90.54576364225326 -148.59807083258858 -80.893581747158 -44.51365579777198 -106.50336747301608 nan nan nan nan nan nan nan nan nan
2457618.60961 182.572605788 26.1517313663 nan nan nan nan nan nan nan nan nan nan nan nan nan nan nan nan nan nan nan nan nan nan nan nan nan nan nan nan nan nan nan nan nan nan nan 157.71562087960788 99.86882041616279 69.682870319259 232.92603527214757 256.66676749148456 54.10385032075583 284.76658466427307 470.77024162713354 246.714696750758 33.8108345745402 120.86780877797496 120.21683839616531 174.24520539677528 249.2026306742762 213.02983005007698 194.1147984580422 207.94037302014422 nan nan nan nan nan nan nan nan nan
2457618.61725 -152.985419978 58.3054921448 nan nan nan nan nan nan nan nan nan nan nan nan nan nan nan nan nan nan nan nan nan nan nan nan nan nan nan nan nan nan nan nan nan nan nan 33.32905628346138 213.912235118859 181.89708882999653 68.01934671488416 210.93763150967524 64.8501296452447 -485.67609695596286 -454.82438988854204 -322.8953746288983 -223.69465696034302 -90.66904877173491 -235.47540747602122 -393.0295132404564 -336.81700556284335 -172.2317348013393 -229.87726084631117 -473.2126298182631 nan nan nan nan nan nan nan nan nan
2457618.62445 -266.083400683 62.3176580002 nan nan nan nan nan nan nan nan nan nan nan nan nan nan nan nan nan nan nan nan nan nan nan nan nan nan nan nan nan nan nan nan nan nan nan 11.581257347844057 -121.27622185877003 -63.12803459622791 -148.1445662683048 143.72766664750174 52.05629174199249 -697.9411763866493 -551.1820259224935 -622.977768244259 -298.031920306133 -154.00049349785186 -329.0559710302546 -497.3514288087494 -593.874662926129 -262.3877875639319 -224.48572072556624 -340.64810723339974 nan nan nan nan nan nan nan nan nan
2457618.63206 103.632765619 29.2336661738 nan nan nan nan nan nan nan nan nan nan nan nan nan nan nan nan nan nan nan nan nan nan nan nan nan nan nan nan nan nan nan nan nan nan nan -45.06091800461079 75.65313068322591 -57.080705023349246 -103.6060949497581 102.31011354222565 174.26434974502203 418.22555468812095 215.31191982708344 269.6722921602394 24.805834432550743 19.00600128486473 150.81117579973017 28.645101923961953 68.48272037044546 40.45559296013795 172.39883630066205 143.4514134249112 nan nan nan nan nan nan nan nan nan
2457618.63959 -165.897459409 36.655681181 nan nan nan nan nan nan nan nan nan nan nan nan nan nan nan nan nan nan nan nan nan nan nan nan nan nan nan nan nan nan nan nan nan nan nan -117.64509459573168 53.322845135850784 30.077427041991008 -105.77772008035213 7.6403396764683755 29.490306278056163 -471.60527498253657 -356.7802527360153 -265.4942056359796 -215.4592333597713 -119.45113755011371 -189.84765229694807 -322.4162879003354 -199.18749067449787 -176.77492250243915 -133.14283222574954 -406.4143236458069 nan nan nan nan nan nan nan nan nan
2457618.6467 88.2395665474 27.7316345457 nan nan nan nan nan nan nan nan nan nan nan nan nan nan nan nan nan nan nan nan nan nan nan nan nan nan nan nan nan nan nan nan nan nan nan 96.71816581681168 -9.473906182676288 6.281095599383921 197.91620994207278 90.30008882419283 91.16310257141645 395.3425165579327 113.557398951751 324.96449813916706 44.57492536231314 -78.03388972415037 80.33835392525873 91.34419875298309 34.53639207845111 26.74355286191268 118.59616548294258 67.8604440791593 nan nan nan nan nan nan nan nan nan
2457618.65422 -143.72192037 37.5540013764 nan nan nan nan nan nan nan nan nan nan nan nan nan nan nan nan nan nan nan nan nan nan nan nan nan nan nan nan nan nan nan nan nan nan nan -3.7561004913619302 -10.804371070103166 78.827891070201 -27.687283615224466 -19.17904018893 14.681837629206974 -402.66817767014845 -312.9423919695009 -451.74755449542914 -80.01364645131834 -40.64728668421409 -200.5886538173844 -311.88153219198614 -232.13215095120242 -182.9225188109513 -125.22849185800544 -345.30457070290237 nan nan nan nan nan nan nan nan nan
2457631.51533 -199.60120312 24.3160871018 nan nan nan nan nan nan nan nan nan nan nan nan nan nan nan nan nan nan nan nan nan nan nan nan nan nan nan nan nan nan nan nan nan nan nan -127.93445622577354 -188.11236770486462 -22.44246154628221 -214.913911802093 -93.69708274646091 -95.8348823337159 -429.83588750656224 -211.1515999284233 -319.3273622581608 -239.8040330585993 -238.22653595109696 -64.40571961427487 -287.18897779400083 -277.5916438274126 -212.33606329266007 -142.91673384797832 -224.6132061280674 nan nan nan nan nan nan nan nan nan
2457631.52299 -226.745494956 31.2174174243 nan nan nan nan nan nan nan nan nan nan nan nan nan nan nan nan nan nan nan nan nan nan nan nan nan nan nan nan nan nan nan nan nan nan nan -37.993498278870014 -158.19178650469672 32.701055358485554 -105.9176724592354 -40.84251953278094 -143.20874661276812 -313.425077822052 -428.7008902266425 -407.2904966061859 -349.77230569546293 -223.36437362206559 -229.62642045139677 -353.5388888535774 -234.42062241862251 -236.1160033442175 -258.04990859536304 -361.0138854967444 nan nan nan nan nan nan nan nan nan
2457631.53042 -217.198174981 24.8765858498 nan nan nan nan nan nan nan nan nan nan nan nan nan nan nan nan nan nan nan nan nan nan nan nan nan nan nan nan nan nan nan nan nan nan nan -11.561207466165992 -144.585318756437 -76.30066222578644 -222.39544289554806 -77.37831652184633 -157.32580236210384 -326.0889470360258 -341.8487874109556 -383.24504395354705 -213.63423586978462 -222.0797551451023 -171.98868121554037 -288.19111359305253 -255.12470401501514 -249.70009960904375 -375.72354480723743 -178.67105778887785 nan nan nan nan nan nan nan nan nan
2457631.53781 -253.799711577 31.2902548683 nan nan nan nan nan nan nan nan nan nan nan nan nan nan nan nan nan nan nan nan nan nan nan nan nan nan nan nan nan nan nan nan nan nan nan -65.57844362702257 -111.50254616205613 -88.4260169167115 -221.78642177985088 -3.493886735499491 -210.73703241573 -389.8751434845678 -324.5635488793986 -424.3700793159533 -356.6245901501021 -224.4872969749373 -317.7821704040076 -402.9826297971848 -321.79996750689304 -189.74908339464403 -370.18407159559627 -376.9325223776519 nan nan nan nan nan nan nan nan nan
2457631.54525 199.656881259 25.8553075104 nan nan nan nan nan nan nan nan nan nan nan nan nan nan nan nan nan nan nan nan nan nan nan nan nan nan nan nan nan nan nan nan nan nan nan 167.60453409488548 157.7229048991261 197.5063831139335 -57.68905813852987 -32.4863229032981 42.559459168379384 273.07378173885223 315.7122055021622 85.39727364995984 257.77233870755754 206.4810622771606 286.2015982935331 227.26742799194662 314.05573075290164 295.2972846875124 200.41218567469681 202.48504646506237 nan nan nan nan nan nan nan nan nan
2457631.55259 -180.947064167 27.7264900786 nan nan nan nan nan nan nan nan nan nan nan nan nan nan nan nan nan nan nan nan nan nan nan nan nan nan nan nan nan nan nan nan nan nan nan -90.97265705493838 -116.26912230097466 -49.480254719533356 -140.7338490200567 -19.492353465940905 -0.344573174234197 -316.1329007356498 -277.7819815065425 -273.84579644318177 -301.8668063473981 -99.61914675343243 -131.7897779781318 -336.7048928995893 -311.78458213853054 -187.95813852486452 -207.80286777806657 -261.94364836581946 nan nan nan nan nan nan nan nan nan
2457631.5604 -6.87978382873 12.2792827864 nan nan nan nan nan nan nan nan nan nan nan nan nan nan nan nan nan nan nan nan nan nan nan nan nan nan nan nan nan nan nan nan nan nan nan -24.47497806900582 -38.40206956802445 81.45494017764288 100.4523567052037 1.233740631440743 -17.679173395420833 45.30803301340348 34.0986258821499 -107.84534890942761 -60.0764845967088 -6.084166263869255 19.1122683429975 23.97831998569849 -46.54660866790428 22.758042449056354 -70.82809000406755 -140.868970685905 nan nan nan nan nan nan nan nan nan
2457631.56749 -170.392583149 27.0607084334 nan nan nan nan nan nan nan nan nan nan nan nan nan nan nan nan nan nan nan nan nan nan nan nan nan nan nan nan nan nan nan nan nan nan nan -14.093533392489412 -79.31984648501717 -20.650936298037276 -299.2097123804238 -128.6206789738517 33.48223103452604 -273.8165474263487 -314.7454844580615 -327.20284017036676 -288.650033522626 -149.5910867311096 -166.3912949055098 -281.85260577122557 -249.5428003156565 -151.29107871758848 -105.1943963675693 -245.0912831381369 nan nan nan nan nan nan nan nan nan
2457631.57476 6.37266079437 16.0169621586 nan nan nan nan nan nan nan nan nan nan nan nan nan nan nan nan nan nan nan nan nan nan nan nan nan nan nan nan nan nan nan nan nan nan nan -84.23720342466237 26.74393306287676 18.826540227324127 132.5949142014758 42.83242634020487 86.51677961393028 -74.14445554055214 119.2169712661076 -69.09830592815393 -11.260768585287767 15.867924169879759 52.724852114337345 11.451490410397128 -66.78435344381872 17.056888518669993 -17.386756578850605 -174.43797453248285 nan nan nan nan nan nan nan nan nan
2457631.58208 -16.2492026072 10.509027274 nan nan nan nan nan nan nan nan nan nan nan nan nan nan nan nan nan nan nan nan nan nan nan nan nan nan nan nan nan nan nan nan nan nan nan 7.335379224838113 22.887914181357417 70.68060938946607 100.84409568858905 -20.49977085506878 31.37291403295603 -5.3268733545430615 -25.203853700606356 -97.57120448603379 -54.87293356877527 -22.369356396984983 -54.237322725742025 -41.649940845205485 -11.488166319192663 -0.29400834875089743 -92.38674247200163 -37.575129323479544 nan nan nan nan nan nan nan nan nan
2457631.58988 -205.815456994 31.2189009955 nan nan nan nan nan nan nan nan nan nan nan nan nan nan nan nan nan nan nan nan nan nan nan nan nan nan nan nan nan nan nan nan nan nan nan 18.90379134489622 -120.57780022252797 -103.63690153153894 -258.1928247738118 -42.15434709954944 -37.90080232224612 -284.6840326562791 -407.07189681136396 -427.1218145231272 -317.9458977838942 -246.99015092183097 -179.8732133270326 -267.6964314309771 -263.4356633998739 -190.33554778816261 -389.2949629868328 -101.74450404714773 nan nan nan nan nan nan nan nan nan
2457631.59709 -212.747170897 34.2654908365 nan nan nan nan nan nan nan nan nan nan nan nan nan nan nan nan nan nan nan nan nan nan nan nan nan nan nan nan nan nan nan nan nan nan nan -87.85138154240747 -47.996162473972845 -98.56434486827774 59.68696725588689 -7.218258146790081 -10.45125456123295 -353.8111425010688 -365.50659139012873 -442.25746589491774 -334.1610924019814 -239.83100781834298 -190.06749893432706 -338.8391726749161 -303.16470253120224 -190.31665911525408 -298.3146513867053 -360.6735535976719 nan nan nan nan nan nan nan nan nan
2457631.60445 -228.872501082 30.3242504374 nan nan nan nan nan nan nan nan nan nan nan nan nan nan nan nan nan nan nan nan nan nan nan nan nan nan nan nan nan nan nan nan nan nan nan -30.750183800635806 -213.9238486548072 -184.22176074675667 -418.41252304155324 -59.76479091379747 -7.226717971217638 -438.6442905100581 -366.11302615708536 -341.63695453938305 -307.9391774111203 -160.40071773245137 -199.48167260805624 -345.49962344546975 -263.9964728615061 -210.4546258161653 -316.36857331722996 -293.84679468951947 nan nan nan nan nan nan nan nan nan
2457656.38019 89.0458506914 27.8194176744 nan nan nan nan nan nan nan nan nan nan nan nan nan nan nan nan nan nan nan nan nan nan nan nan nan nan nan nan nan nan nan nan nan nan nan 5.745186110618593 -27.346453803645225 76.37125427514451 166.37165052567224 -80.32437497981046 -46.519656787263955 193.27265829430647 139.21117453305575 407.79899493015205 125.17376775463468 10.578369372932343 95.59296163909038 170.9423021269817 73.69609563191646 154.91838035292585 116.7815355813754 -47.31859818435715 nan nan nan nan nan nan nan nan nan
2457656.38744 96.3896050598 21.6689881893 nan nan nan nan nan nan nan nan nan nan nan nan nan nan nan nan nan nan nan nan nan nan nan nan nan nan nan nan nan nan nan nan nan nan nan -62.092499169065846 7.688432236719163 86.19222168094254 41.05281247978507 86.82135006791746 38.872064760968414 192.83469929207155 55.14436397701953 410.43416593011443 107.09918570068591 27.59240304473352 74.32257381293722 181.12356660188362 118.27592771403783 103.00530719463832 176.53185395554917 51.10052645834795 nan nan nan nan nan nan nan nan nan
2457656.39512 91.4431117717 22.2800564738 nan nan nan nan nan nan nan nan nan nan nan nan nan nan nan nan nan nan nan nan nan nan nan nan nan nan nan nan nan nan nan nan nan nan nan 60.00707577490309 104.284451163518 -67.13313596176255 -38.696948798495505 -12.866021984580083 111.12508986318782 155.50776303640387 134.9908243576346 416.1606553157932 105.5212066072843 14.87680635265792 85.66211317740839 148.5439617914447 86.49275458630942 72.84768431576192 152.6524066479033 72.59937737332285 nan nan nan nan nan nan nan nan nan
2457656.40226 87.53846693 20.1095624283 nan nan nan nan nan nan nan nan nan nan nan nan nan nan nan nan nan nan nan nan nan nan nan nan nan nan nan nan nan nan nan nan nan nan nan -33.01274854735551 0.7242177283104644 24.73398851322101 -13.516339830183117 63.212366298938115 -0.9420989325637816 235.3974561068056 150.57486180924582 329.1744142977934 56.48633322904745 79.93022837843293 63.987164176427164 89.20239412123716 107.20926663293282 138.72993614832703 102.07540761886452 63.491475350596545 nan nan nan nan nan nan nan nan nan
2457656.40987 171.969371575 22.2839542706 nan nan nan nan nan nan nan nan nan nan nan nan nan nan nan nan nan nan nan nan nan nan nan nan nan nan nan nan nan nan nan nan nan nan nan 127.52796795395987 20.718268692257286 102.13661460640273 176.00239882717 126.83368975398129 117.07018332019781 240.36856094637864 248.67100258027904 521.198959966106 164.3389874675896 149.05187640448145 136.73672741812177 263.7830464771614 164.966934541322 198.25809250262762 131.8661376495142 175.6996105306722 nan nan nan nan nan nan nan nan nan
2457656.41692 69.5447332916 18.6454874376 nan nan nan nan nan nan nan nan nan nan nan nan nan nan nan nan nan nan nan nan nan nan nan nan nan nan nan nan nan nan nan nan nan nan nan 53.53068950675844 -10.280134532209026 17.129557444728885 -220.26919917341354 26.079511570598253 -11.126338272741721 150.8647139536172 142.56369147030213 230.79147163847665 65.1068068421988 128.6974914648594 -2.546851476947198 102.80741826107446 85.01772685572521 71.80464817226813 176.79877052961507 1.9823206413339765 nan nan nan nan nan nan nan nan nan
2457656.42457 -54.583352065 18.8561245174 nan nan nan nan nan nan nan nan nan nan nan nan nan nan nan nan nan nan nan nan nan nan nan nan nan nan nan nan nan nan nan nan nan nan nan -3.0546032362969004 -59.56241094304386 -93.93209949615228 -112.88096848999567 -123.66981984930997 -5.349268187369857 34.117454842323866 -82.00929636833912 -298.9057208878761 -53.60503368891381 -61.308652166874026 53.05311950453239 -2.0204182840188216 -67.7614625293158 -15.637480772992772 -174.9555773957277 -114.96852718963252 nan nan nan nan nan nan nan nan nan
2457656.43177 -33.7814305081 13.2990850039 nan nan nan nan nan nan nan nan nan nan nan nan nan nan nan nan nan nan nan nan nan nan nan nan nan nan nan nan nan nan nan nan nan nan nan 27.23886885079858 -26.47986754920139 18.164097540064745 -153.2838400684772 -75.30366897670727 -119.22000306718357 33.160129472119934 -52.70464861820614 -106.68470098065677 34.496808440729076 -55.02490413673596 42.37445018970149 -52.55382409012519 -5.206458889131381 -59.52218086023473 -111.76462868974 -1.3254950132797583 nan nan nan nan nan nan nan nan nan
2457656.43932 93.3303657622 23.3376732156 nan nan nan nan nan nan nan nan nan nan nan nan nan nan nan nan nan nan nan nan nan nan nan nan nan nan nan nan nan nan nan nan nan nan nan 38.00670826807131 33.19071258553804 11.695709800949555 -11.73827487687181 -66.37433228531043 -14.196298184476335 95.11504586141878 153.0204498209486 269.7354277145814 111.84494762471769 13.892874980555696 124.4433292716944 280.83110758388875 139.88701600337197 153.9414351625587 26.268263560823186 167.59513210911174 nan nan nan nan nan nan nan nan nan
2457656.44683 85.1996007535 16.386392567 nan nan nan nan nan nan nan nan nan nan nan nan nan nan nan nan nan nan nan nan nan nan nan nan nan nan nan nan nan nan nan nan nan nan nan -12.663041809295722 177.5390342253526 20.447389635251064 196.67026671959937 96.43713962975951 85.4952303964101 192.27639364799757 118.03276625296868 98.88825962289633 75.39385750218395 -8.57458724847413 42.31218823431337 54.55295394357433 153.96694157838326 22.66597441200002 164.5789158984063 190.49537271405566 nan nan nan nan nan nan nan nan nan
2457656.45421 -46.9281900721 11.1921945526 nan nan nan nan nan nan nan nan nan nan nan nan nan nan nan nan nan nan nan nan nan nan nan nan nan nan nan nan nan nan nan nan nan nan nan -42.206500251203735 -126.85286309909058 -78.96344099045767 -205.0768886502932 -60.37671277242365 -66.33053561446567 32.87669364709989 6.646686607035546 -132.13406668607206 -39.263080735658946 -3.2847936730067873 -18.507228930831722 -70.21567552737868 -32.111302456047085 -28.853490312670644 -65.05081252767403 -39.973679142966624 nan nan nan nan nan nan nan nan nan
2457656.46182 105.013128683 15.1768846444 nan nan nan nan nan nan nan nan nan nan nan nan nan nan nan nan nan nan nan nan nan nan nan nan nan nan nan nan nan nan nan nan nan nan nan 167.97900850810956 140.7044550394953 93.10314873402278 264.66465175509745 102.36804258525933 83.54810352490276 192.90154754450768 -33.74896470465746 78.10732739849965 142.66959210464364 73.23329302474106 77.11406677011144 85.52349447749712 172.67811122350747 35.29530112566149 191.26594980597466 177.92360130088394 nan nan nan nan nan nan nan nan nan
2457659.40668 16.7420530885 20.7819511846 nan nan nan nan nan nan nan nan nan nan nan nan nan nan nan nan nan nan nan nan nan nan nan nan nan nan nan nan nan nan nan nan nan nan nan 124.81518859288236 159.40641998593873 86.95029807660727 5.6703445440585085 169.66292804382593 63.589011401964655 59.5029986243782 -119.89655921044748 -7.626003382659446 -21.359774351078666 9.384599264247104 23.35062089746285 -117.19571245696824 -4.145364916874304 -20.938878306504293 -73.44768935015681 -1.3769171570382184 nan nan nan nan nan nan nan nan nan
2457659.41375 156.900279027 29.0156890234 nan nan nan nan nan nan nan nan nan nan nan nan nan nan nan nan nan nan nan nan nan nan nan nan nan nan nan nan nan nan nan nan nan nan nan 122.97072703584935 11.316837975211232 213.74483041199392 -218.34587350444917 12.079407122582086 140.3920661480028 273.6077934189761 132.14703631579468 -148.23868048492497 332.12860857745244 197.69019597000883 243.06106655739822 219.94200273799805 246.57988451155273 178.58017388465188 84.06447710428246 102.7336513418934 nan nan nan nan nan nan nan nan nan
2457659.42135 -7.76515396893 39.5572714756 nan nan nan nan nan nan nan nan nan nan nan nan nan nan nan nan nan nan nan nan nan nan nan nan nan nan nan nan nan nan nan nan nan nan nan 137.46240513592628 249.40068988139478 157.14323413400035 67.88746827878501 145.92179525641365 163.82325828373666 -125.68627451530872 -175.59840096458032 -377.18691683233163 149.10064031538926 -56.31793297022317 11.186888953351987 -128.9358689844797 -23.95376498737118 22.299065096112987 -288.77144908312 -125.57693053590118 nan nan nan nan nan nan nan nan nan
2457659.42906 -15.7133669185 30.1404402402 nan nan nan nan nan nan nan nan nan nan nan nan nan nan nan nan nan nan nan nan nan nan nan nan nan nan nan nan nan nan nan nan nan nan nan 69.40971828348181 212.2965063738367 21.47807532228675 -42.89525223205615 238.23739533370644 72.0652481160123 -19.92248462125025 -32.154954238568166 -318.3558182388149 -140.54633934179714 23.195368586386486 2.259300238136492 -61.213077126873024 -121.25793694829996 -101.07649608030304 -64.26616177991333 -8.772355304035747 nan nan nan nan nan nan nan nan nan
2457659.43617 -29.4504191552 37.2470034658 nan nan nan nan nan nan nan nan nan nan nan nan nan nan nan nan nan nan nan nan nan nan nan nan nan nan nan nan nan nan nan nan nan nan nan -24.1544165986578 192.1066505564153 264.69098276109577 -157.70118741006536 249.4004281522889 -11.515640879388393 -97.85697342118016 -206.86820066301843 -244.59094765754827 -9.998628922311864 75.71480511590737 -72.89056423499649 -127.4672617616999 -32.95885310150648 -7.679878071993445 -254.7130851858237 -299.8765011178374 nan nan nan nan nan nan nan nan nan
2457659.44366 -27.0147358339 34.0631505327 nan nan nan nan nan nan nan nan nan nan nan nan nan nan nan nan nan nan nan nan nan nan nan nan nan nan nan nan nan nan nan nan nan nan nan 72.53776261614526 58.35035601866546 -78.44771093476814 14.643837901329956 192.60277614817696 128.3259915597484 -112.88471164769945 -33.65060934600489 -342.5700182704681 4.3430369443149175 -47.69821394421872 50.23741968085632 -128.60022167368197 -149.14858069649722 83.23277608151986 -330.0273575622458 2.6610788158420724 nan nan nan nan nan nan nan nan nan
2457659.45146 -42.3406505708 41.0122538917 nan nan nan nan nan nan nan nan nan nan nan nan nan nan nan nan nan nan nan nan nan nan nan nan nan nan nan nan nan nan nan nan nan nan nan 217.97461545482972 55.18151746389393 33.78486025553842 -523.5958739888008 349.3753619327791 118.80314871282259 -106.85310176062156 -169.48823447604403 -336.1885967632963 -58.387109164796456 -64.09861445179689 -46.53281479436633 -117.41983386146383 -25.940188915241485 -78.12891328148658 -230.28272731724036 -303.17838126827144 nan nan nan nan nan nan nan nan nan
2457659.45866 166.423013988 24.3678138014 nan nan nan nan nan nan nan nan nan nan nan nan nan nan nan nan nan nan nan nan nan nan nan nan nan nan nan nan nan nan nan nan nan nan nan 40.247971720120205 301.19688428624784 117.50862944789542 -177.1819191024041 107.10981401209173 174.04029040958457 293.09198246496794 18.922986810472906 193.34133820286684 -27.38550569682704 121.73552401795688 240.53154984753976 294.2743610597721 183.7448493994426 224.82621323419667 154.23447750870858 102.97020396004709 nan nan nan nan nan nan nan nan nan
2457659.46599 -21.4710133495 25.8486154771 nan nan nan nan nan nan nan nan nan nan nan nan nan nan nan nan nan nan nan nan nan nan nan nan nan nan nan nan nan nan nan nan nan nan nan 72.23615678807882 17.769178316312065 145.9671731739917 -143.80236805317733 126.96288580146367 21.682613065967878 111.39928401787996 -107.97354080625234 -184.3042723112512 67.82250807761467 11.984680302511016 -214.24656672969732 -15.1076726372113 -37.54089370616374 -67.39453854541517 -117.17844642834085 -71.42416088395561 nan nan nan nan nan nan nan nan nan
2457659.4734 213.69210395 35.0580071166 nan nan nan nan nan nan nan nan nan nan nan nan nan nan nan nan nan nan nan nan nan nan nan nan nan nan nan nan nan nan nan nan nan nan nan 14.373072479820342 95.55579064514174 140.18878569942365 41.38464794051914 -69.28216337462618 143.6380626754488 359.4695142206729 208.0684749773838 -12.722641836419978 396.55550682103734 201.87365157072298 315.5026545686886 176.95883741617092 441.72009202434424 336.17464572670053 141.7378483929081 169.75684416275368 nan nan nan nan nan nan nan nan nan
2457659.48883 182.908605319 24.7630786951 nan nan nan nan nan nan nan nan nan nan nan nan nan nan nan nan nan nan nan nan nan nan nan nan nan nan nan nan nan nan nan nan nan nan nan 155.94579691533474 399.2490628694146 71.69523574982753 -180.19240342499228 149.13423634080817 84.85864267966375 164.69565656278982 218.47639985663164 416.6441307821886 101.17336593729529 167.3246761826754 203.71948642161038 233.7795514568407 188.50707961810699 242.12438223607694 39.94485917576512 147.4068901038498 nan nan nan nan nan nan nan nan nan
2457665.42229 -96.0997858505 18.1140959832 nan nan nan nan nan nan nan nan nan nan nan nan nan nan nan nan nan nan nan nan nan nan nan nan nan nan nan nan nan nan nan nan nan nan nan -282.33988218288584 -78.01677316035504 -142.36597596802852 -218.42799301952516 -157.49035783568988 -167.73027117139304 -72.56115612378244 -3.4473760463503202 0.9915224553655662 -162.15304304606133 -108.59414772517498 -133.29036099150122 -42.01054465320818 20.516410709358812 -59.993076292778504 -67.82085928839177 -62.73448463368695 nan nan nan nan nan nan nan nan nan
2457665.4314 -85.5504599097 20.8727036837 nan nan nan nan nan nan nan nan nan nan nan nan nan nan nan nan nan nan nan nan nan nan nan nan nan nan nan nan nan nan nan nan nan nan nan -234.29526629009084 -243.9677913042382 -41.38313409534455 -371.60306492540053 -98.27094098366095 -150.26627121904326 -36.83161302638755 -129.53262299558574 78.18098746530426 -169.5718684828748 -108.64633848722086 -95.92338619950262 -31.72257400335968 -49.165701331221925 3.0045636327124567 -54.72688382923365 25.949836573430346 nan nan nan nan nan nan nan nan nan
2457665.43867 -87.1888688903 24.1956883912 nan nan nan nan nan nan nan nan nan nan nan nan nan nan nan nan nan nan nan nan nan nan nan nan nan nan nan nan nan nan nan nan nan nan nan -239.2393358604574 -195.78654370637224 -198.4378147447821 -579.6368048365285 -146.91605901731162 -60.743622435686476 45.446474054104996 -71.56177693575005 -14.176210979315007 -20.286496784717485 -125.32037056152645 -185.4408903551922 -68.1431924070766 -30.594242091849647 -9.979374750252516 -16.596756504622252 63.740808046901634 nan nan nan nan nan nan nan nan nan
2457665.44607 -78.3824806623 14.1194815787 nan nan nan nan nan nan nan nan nan nan nan nan nan nan nan nan nan nan nan nan nan nan nan nan nan nan nan nan nan nan nan nan nan nan nan -107.41222338862825 -16.560194953852733 -137.314358499983 -391.30962958984594 -149.1771491840674 -99.93770715810652 -81.83162522509741 -100.82608133288863 -4.97725114038274 -42.799594878249145 -98.64782825988186 -69.81676477714957 -26.429586490034207 -45.95958376300162 -49.852114144516996 -89.85898349245099 12.659429774697763 nan nan nan nan nan nan nan nan nan
2457665.45334 -96.2207151768 16.0000346348 nan nan nan nan nan nan nan nan nan nan nan nan nan nan nan nan nan nan nan nan nan nan nan nan nan nan nan nan nan nan nan nan nan nan nan -109.85878883904648 -175.91550136396893 -39.4032684596033 -215.4132296842589 -81.94165283438174 -161.8305939430377 -6.162652214317567 -101.85856456489478 -108.38246928565958 -140.36777204347905 -125.35022495197643 -174.74770658207993 19.063061861480747 -97.46618723725058 -107.18534084213913 7.716007053566204 17.346663479744322 nan nan nan nan nan nan nan nan nan
2457665.46107 49.1924601735 16.9199757171 nan nan nan nan nan nan nan nan nan nan nan nan nan nan nan nan nan nan nan nan nan nan nan nan nan nan nan nan nan nan nan nan nan nan nan 128.0467203898452 85.91489354694146 -27.894126040283336 241.34185734757713 33.372032520326044 117.22143677699738 79.70884460883265 3.7568522647350577 -172.3712431852036 83.72671525085028 23.43417771680279 88.76871928393037 78.30389574233726 68.67880682031375 16.835908390971763 -22.29725824137121 59.670208158026504 nan nan nan nan nan nan nan nan nan
2457665.46853 -75.6136826925 10.5497060823 nan nan nan nan nan nan nan nan nan nan nan nan nan nan nan nan nan nan nan nan nan nan nan nan nan nan nan nan nan nan nan nan nan nan nan -108.8125245157555 -92.89004505755676 -49.14989800111869 -88.20983854434753 -123.67689650395607 -72.66739095005903 -81.49136071758227 -62.79347385305598 15.802208610050567 -134.7299932483013 -95.27400516931353 -76.34825448511675 -78.19964367605952 7.792394240247923 -114.45947122344361 10.028386725702399 -63.090903326783476 nan nan nan nan nan nan nan nan nan
2457665.47566 -65.1165751408 15.3726231104 nan nan nan nan nan nan nan nan nan nan nan nan nan nan nan nan nan nan nan nan nan nan nan nan nan nan nan nan nan nan nan nan nan nan nan -138.0071760327472 -6.415716859673728 -70.4657759095947 -217.41556882084294 -154.91617060569564 -144.42990126593284 -36.87812161189897 -71.72531193810694 32.80023142146696 -50.95051263932781 -60.0024198959085 -138.94711164299767 -48.14946277191806 -43.964171020746406 -22.39066365557476 44.66789772341841 47.91861937750529 nan nan nan nan nan nan nan nan nan
2457665.48306 -89.8471357654 20.1371446593 nan nan nan nan nan nan nan nan nan nan nan nan nan nan nan nan nan nan nan nan nan nan nan nan nan nan nan nan nan nan nan nan nan nan nan -74.19638494200021 -6.347361684955315 -151.95257984862 -311.2424667344561 -39.82174815978177 -176.57603221545583 -79.1494570906069 61.53530448314085 62.9088580740792 -147.58447279375733 -148.9387069008567 -70.68414362470727 -116.38575056550559 22.201858571101667 -152.80352065996118 -101.91775725466525 -139.43403856517207 nan nan nan nan nan nan nan nan nan
2457665.49046 -65.5599292243 14.0079996921 nan nan nan nan nan nan nan nan nan nan nan nan nan nan nan nan nan nan nan nan nan nan nan nan nan nan nan nan nan nan nan nan nan nan nan -88.17367902924556 -111.81366379056715 -104.48898208403928 -288.3853102391298 -45.33696796987383 -88.55192171364781 -79.46772939272313 -82.21458347323372 46.727199889363206 -47.606497999962556 -37.763269102248955 -125.02830243655822 -5.152589962623204 -58.496373173986484 -72.40799351582214 -55.5214459989923 116.33856457882952 nan nan nan nan nan nan nan nan nan
2457665.49784 103.768148361 28.5277076395 nan nan nan nan nan nan nan nan nan nan nan nan nan nan nan nan nan nan nan nan nan nan nan nan nan nan nan nan nan nan nan nan nan nan nan 177.1041279299106 -15.07309196943152 -47.340208353993845 -229.19842597513502 23.243777370816694 37.66287898864117 346.5107465554654 102.63096939010278 -39.87935604119397 213.96711419016793 83.56291923165587 254.85033212082215 162.47689782374115 193.81630086327448 59.75570082266619 114.64243903411408 96.9221462376667 nan nan nan nan nan nan nan nan nan
2457665.50532 8.18862020487 16.9503815323 nan nan nan nan nan nan nan nan nan nan nan nan nan nan nan nan nan nan nan nan nan nan nan nan nan nan nan nan nan nan nan nan nan nan nan 71.73800346826005 67.9366835118413 15.410739382900026 151.36474619371873 74.75836656161796 77.88429907144521 -56.51362717382456 7.121044191405475 -97.71850109217121 86.7948022466981 4.165858761239953 37.83978821516304 -18.20004102469001 -2.0546618615564745 -53.95327858711313 -20.410961657702412 -231.72438610226203 nan nan nan nan nan nan nan nan nan
2457665.5127 -122.84418744 17.7974000986 nan nan nan nan nan nan nan nan nan nan nan nan nan nan nan nan nan nan nan nan nan nan nan nan nan nan nan nan nan nan nan nan nan nan nan -254.9654221908092 -188.64129935840907 -97.28765872430355 -386.7200034515006 -100.26850658224255 -137.20666951533227 -76.06340757738269 -63.16668247084918 -188.83200498983143 -194.88632338660503 -129.2027941420022 -162.26250158366636 -147.86194359002215 -55.623494350041625 -13.19855241811082 -119.19270994241063 2.7755078757868445 nan nan nan nan nan nan nan nan nan
2457665.52025 138.090000002 25.3527730578 nan nan nan nan nan nan nan nan nan nan nan nan nan nan nan nan nan nan nan nan nan nan nan nan nan nan nan nan nan nan nan nan nan nan nan -71.41810611888384 44.51803771389971 26.142712895063934 -3.763269925242647 186.24051191260685 140.81057337192257 296.1212718257447 243.22936675543767 -89.00602119017708 184.94751530214108 193.3298758009898 195.97391852383186 195.93294765279498 214.19042966626793 44.09664571195817 208.64549691746285 37.41379799588172 nan nan nan nan nan nan nan nan nan
2457665.52723 126.758332257 25.6094736338 nan nan nan nan nan nan nan nan nan nan nan nan nan nan nan nan nan nan nan nan nan nan nan nan nan nan nan nan nan nan nan nan nan nan nan 15.589763830060246 121.04309071150739 44.15503636102333 -152.6943102141635 40.70567445136574 64.68101571941595 246.00583470319614 153.6360350138979 -77.98600172116254 208.97054721191208 204.3971345208882 256.8360608264783 230.77449668323587 166.45648325052636 15.32523103893182 166.41999942138008 226.436146153256 nan nan nan nan nan nan nan nan nan
2457665.54259 141.423283719 26.0233736982 nan nan nan nan nan nan nan nan nan nan nan nan nan nan nan nan nan nan nan nan nan nan nan nan nan nan nan nan nan nan nan nan nan nan nan 156.00655324759495 14.218228860817062 -38.47345108722935 -143.27777574469147 31.187596384567804 156.95681081296388 260.1413969129569 161.16124188304872 -71.05547519263375 191.6044503113934 208.35105611921304 256.5443037164347 208.79480525224238 232.78578439570484 84.14532393650735 233.38968885147696 138.02761123239065 nan nan nan nan nan nan nan nan nan
2457665.54984 -130.286980331 12.9913714883 nan nan nan nan nan nan nan nan nan nan nan nan nan nan nan nan nan nan nan nan nan nan nan nan nan nan nan nan nan nan nan nan nan nan nan -120.27220313322512 -175.14152732721487 -111.47429876180222 -224.7340977642111 -125.91416450692213 -254.7044051907571 -85.67688210880377 -112.62033374883724 -259.5765448288868 -97.64054408746097 -122.56717956409089 -116.25401652682268 -111.67476890463766 -47.79381654891655 -123.6240522903389 -121.71150138034338 -115.00480062166464 nan nan nan nan nan nan nan nan nan
2457709.25632 39.8889531392 16.8973881081 nan nan nan nan nan nan nan nan nan nan nan nan nan nan nan nan nan nan nan nan nan nan nan nan nan nan nan nan nan nan nan nan nan nan nan 93.2071918388778 25.7214313542808 84.8712934051658 -56.86515200971269 74.10369878408575 171.5246981154332 -23.88538779790999 -16.849039326089436 1.1387719222903518 -11.994043346669786 46.529138640571155 30.238605926562798 44.64099661443071 -37.344374997776725 -16.007005987543266 237.16956389601825 35.79921064155025 nan nan nan nan nan nan nan nan nan
2457709.2638 3.60857563664 20.6666590339 nan nan nan nan nan nan nan nan nan nan nan nan nan nan nan nan nan nan nan nan nan nan nan nan nan nan nan nan nan nan nan nan nan nan nan 9.0873753590775 97.81816144733678 4.655338483830772 77.708966257436 16.320705831904444 43.99000132535595 -68.56551935652622 45.976490474826946 191.52785169853988 -4.406978198827312 -20.090307762465784 -177.83669638524123 -97.84660352010307 1.1951191210796275 74.45016219324015 71.09782557698144 29.550555509453012 nan nan nan nan nan nan nan nan nan
2457709.2706 16.0074745191 23.7041561957 nan nan nan nan nan nan nan nan nan nan nan nan nan nan nan nan nan nan nan nan nan nan nan nan nan nan nan nan nan nan nan nan nan nan nan 142.19104855958614 49.78157084334686 141.98993293638597 -40.94870701493495 89.65599190565173 -35.4766068035158 -102.26996149770328 32.67396699277149 -278.34377783812556 -105.68170962455908 47.34942973401844 26.393242562993276 -15.370135578321017 83.72562966511606 44.572471117800426 -31.381705180266625 135.57379600414725 nan nan nan nan nan nan nan nan nan
2457709.27851 -25.2545506583 20.0902081444 nan nan nan nan nan nan nan nan nan nan nan nan nan nan nan nan nan nan nan nan nan nan nan nan nan nan nan nan nan nan nan nan nan nan nan -58.11868793024 95.31258304022488 5.264000352726418 -110.73667056191998 0.9772521951310886 102.72527131023747 -132.54720927607562 -84.15947342235019 -220.79357807815538 -11.29108017450435 11.148243868487258 -66.69904508836248 -133.2288018095097 78.2218886917733 -12.488227831493065 -30.466298423504263 22.472669510859426 nan nan nan nan nan nan nan nan nan
2457709.28598 -45.1098045879 17.1533382692 nan nan nan nan nan nan nan nan nan nan nan nan nan nan nan nan nan nan nan nan nan nan nan nan nan nan nan nan nan nan nan nan nan nan nan -12.842614339872734 -41.238512075275395 -52.713084438882966 81.10311351928306 -109.47333958395643 -91.76461861255527 -205.59093771535981 -56.91153004645614 139.28285462735465 -98.54735400259132 -7.184687613356125 11.191661257270768 -47.03596324208643 -14.222810387140827 -82.23303046795793 -0.012337303983336394 12.32670664346556 nan nan nan nan nan nan nan nan nan
2457709.29331 -30.5585198272 20.7352083097 nan nan nan nan nan nan nan nan nan nan nan nan nan nan nan nan nan nan nan nan nan nan nan nan nan nan nan nan nan nan nan nan nan nan nan 98.68897168512316 105.19708289612191 62.93810485810676 -184.5143839930844 42.663691350391595 -16.867118299579726 27.465077288933305 -10.092799172421344 -131.25157044372727 -50.46188423568841 -132.098408578307 -146.7267865267624 23.24513056342001 -112.03597531279198 -75.76752465326668 26.1489347847537 -121.94651512501471 nan nan nan nan nan nan nan nan nan
2457709.30097 34.8859249033 17.1824532003 nan nan nan nan nan nan nan nan nan nan nan nan nan nan nan nan nan nan nan nan nan nan nan nan nan nan nan nan nan nan nan nan nan nan nan 56.40468055097992 157.93563430162908 -34.96687758999707 22.150110947410095 -44.41924109502566 -91.64284514182096 14.852693892709954 40.639308132885915 172.6820209375666 66.80817599376395 53.583066955262744 -12.923285246819335 45.012525086029264 140.34987351757266 33.382035567534714 -10.553755443562581 72.20387267390056 nan nan nan nan nan nan nan nan nan
2457709.30818 230.848489587 20.5087869978 nan nan nan nan nan nan nan nan nan nan nan nan nan nan nan nan nan nan nan nan nan nan nan nan nan nan nan nan nan nan nan nan nan nan nan 196.3158422206999 123.2732909427737 87.52782161629932 222.5018612937229 189.9152949943122 171.19653103669975 443.9252945481474 343.97526426679894 280.52893961076654 255.75208125834632 189.82716551104957 290.9423952459499 280.6766666358471 256.124689091311 210.64545063031778 222.09425564513782 117.72107500048513 nan nan nan nan nan nan nan nan nan
2457709.3152 21.0542729636 15.2620201746 nan nan nan nan nan nan nan nan nan nan nan nan nan nan nan nan nan nan nan nan nan nan nan nan nan nan nan nan nan nan nan nan nan nan nan 36.72783873137145 126.41644976191824 -111.70715449994957 -145.87403850793302 46.43808488026952 33.75685602899807 10.563301240632772 16.605817029111027 -113.45261604608551 50.703905422075316 62.57437067243406 40.35742609512833 2.275701608853566 70.09535030959756 23.477527510509496 -92.48216492752651 67.79807081712667 nan nan nan nan nan nan nan nan nan
2457709.32309 -10.9457534593 17.6757812763 nan nan nan nan nan nan nan nan nan nan nan nan nan nan nan nan nan nan nan nan nan nan nan nan nan nan nan nan nan nan nan nan nan nan nan 6.786183752085253 135.21533232853443 105.33446434699486 -96.95279486709572 -14.529388112657916 39.12860789034826 -64.40337188965502 3.1004508908534283 24.886083416013527 -70.64225499357963 -104.19329962143755 -104.46030831573742 39.054474279167515 -91.8932597677484 2.182210764314227 47.165517618677896 13.777989839501638 nan nan nan nan nan nan nan nan nan
2457709.33254 273.285458662 31.9255823431 nan nan nan nan nan nan nan nan nan nan nan nan nan nan nan nan nan nan nan nan nan nan nan nan nan nan nan nan nan nan nan nan nan nan nan 31.126418482092294 265.5734527573808 142.3619175836473 356.4829788436168 114.80761076593889 208.01513098576726 501.71852414527854 475.14272592828166 389.91746537240255 332.8091462742889 142.5708848941654 231.96037248425813 452.0774453720951 285.5866137330115 256.790363628826 366.633960925341 221.67207465545266 nan nan nan nan nan nan nan nan nan
2457709.33985 -2.97311330656 12.5740597244 nan nan nan nan nan nan nan nan nan nan nan nan nan nan nan nan nan nan nan nan nan nan nan nan nan nan nan nan nan nan nan nan nan nan nan 81.99655256531406 -7.999362774299225 124.00536026861668 62.58313241558304 -10.943552940839718 7.539118403759462 13.84975537096142 -70.2084815685308 78.04531073887759 -14.905836738860838 -54.22197393950849 -43.67924281495455 -8.904785204683677 20.70605802681778 -22.52954673754017 -23.45738507349592 -95.6782189955608 nan nan nan nan nan nan nan nan nan
2457712.27461 284.291241183 40.8787643015 nan nan nan nan nan nan nan nan nan nan nan nan nan nan nan nan nan nan nan nan nan nan nan nan nan nan nan nan nan nan nan nan nan nan nan 228.73960619980883 50.57197118272575 330.56957533011916 19.84141926871711 49.0726150869174 104.06661839605346 328.8276891105927 598.4490922849602 298.65481068921605 249.19307143351804 170.1681633352903 387.060564836983 589.4848564215832 390.77218690521914 244.0401696887279 266.5588636480919 240.52967663946268 nan nan nan nan nan nan nan nan nan
2457712.28215 0.498975050922 18.5455286447 nan nan nan nan nan nan nan nan nan nan nan nan nan nan nan nan nan nan nan nan nan nan nan nan nan nan nan nan nan nan nan nan nan nan nan 107.11657117913548 34.979905920846754 94.59121386701538 77.19386884481975 16.854934830733278 92.89913154121489 62.11065923169268 -14.895942017467762 -12.87015597916043 -7.281456328974187 -161.2486604928347 -67.03088685241829 29.18956152576873 -9.407173394513 8.836280906707376 -128.84179879520926 28.551709723075298 nan nan nan nan nan nan nan nan nan
2457712.28931 8.36109077123 16.4734812513 nan nan nan nan nan nan nan nan nan nan nan nan nan nan nan nan nan nan nan nan nan nan nan nan nan nan nan nan nan nan nan nan nan nan nan 67.99078386708374 -37.97703439508988 6.363926621316739 -171.22323758110133 -16.16983922149822 17.29738626259641 -19.846479935515443 80.6951101472043 144.58043726827256 -78.5728581265539 -19.36796112122932 -4.421426552995254 9.370942429308268 -58.6653926347393 130.8147668413555 -66.84550712512798 -11.179379943291677 nan nan nan nan nan nan nan nan nan
2457712.2969 -31.5721322728 14.3338868222 nan nan nan nan nan nan nan nan nan nan nan nan nan nan nan nan nan nan nan nan nan nan nan nan nan nan nan nan nan nan nan nan nan nan nan -119.24196579313168 16.996584756247437 61.56543303726111 36.174669685106466 8.02971765440446 28.520015037382937 -139.23037060109462 -27.074252404177283 -93.8760372146811 -75.98703339611181 -50.32754117414168 -66.46756853431583 -69.46293424174694 -53.48057953001223 0.6998341032460625 67.04531043377685 56.228115744297114 nan nan nan nan nan nan nan nan nan
2457712.30419 18.8312260241 12.1978550594 nan nan nan nan nan nan nan nan nan nan nan nan nan nan nan nan nan nan nan nan nan nan nan nan nan nan nan nan nan nan nan nan nan nan nan 15.728860359556652 43.3243970548541 -89.09028297417042 -53.04090091939416 52.31175670571231 -34.85964350316448 65.82851453709559 16.73143235848817 103.04112213843563 -73.25275179895706 42.26526374463961 6.954786013491038 62.06146988387277 -17.80505894767525 59.17597473995579 45.21376884895121 31.802924364852583 nan nan nan nan nan nan nan nan nan
2457712.31161 45.0417494897 15.1745477666 nan nan nan nan nan nan nan nan nan nan nan nan nan nan nan nan nan nan nan nan nan nan nan nan nan nan nan nan nan nan nan nan nan nan nan 85.98501040246418 22.581337300543268 67.7583027140526 -84.38551065285722 -12.059938589583862 41.90752280805094 -8.918354950822955 61.166924942148455 190.45545970427793 -11.037398677745843 98.33539014170708 13.154761395093447 -30.23412141279028 11.146196071439556 150.81823257145348 18.76674167296366 111.11331331777536 nan nan nan nan nan nan nan nan nan
2457712.31888 163.91939967 26.4607872838 nan nan nan nan nan nan nan nan nan nan nan nan nan nan nan nan nan nan nan nan nan nan nan nan nan nan nan nan nan nan nan nan nan nan nan 52.412281863833144 67.00370111238863 181.3820935225521 196.49680527023753 29.708304097990176 33.579088214808856 261.53232182990405 328.1693592644245 356.429452569523 107.58306127887276 33.918814607403945 255.7949676058161 271.2653505167506 142.36094145993604 208.91443780476624 250.09072812833855 74.93944720277351 nan nan nan nan nan nan nan nan nan
2457712.3264 -51.0670600001 9.43762695548 nan nan nan nan nan nan nan nan nan nan nan nan nan nan nan nan nan nan nan nan nan nan nan nan nan nan nan nan nan nan nan nan nan nan nan 0.11036984556417585 -76.5819824797637 -18.624742791107717 -128.36497246803458 -98.9783120191137 30.555161788423227 -66.91713405484035 -69.34256625523405 -78.33089687091446 -31.628845113112508 -41.435659983865165 -14.783589320433595 -95.90494396326977 -40.81765782282821 -88.59867778297541 -66.7697211536876 -37.53091223441555 nan nan nan nan nan nan nan nan nan
2457712.33389 18.7409089817 19.0252149706 nan nan nan nan nan nan nan nan nan nan nan nan nan nan nan nan nan nan nan nan nan nan nan nan nan nan nan nan nan nan nan nan nan nan nan -58.04438516623072 47.83930635988161 -43.232513088914885 -303.3542891195596 -6.6762994094469175 91.67539854358749 81.75183400532669 152.6840703126018 -46.98769771636594 54.739079592052974 41.0519539824663 13.678323853905084 70.22658115780824 44.14280761713228 -19.084930681156973 -80.55569616473085 -167.9759105272942 nan nan nan nan nan nan nan nan nan
2457712.3413 35.7913394298 18.1992828249 nan nan nan nan nan nan nan nan nan nan nan nan nan nan nan nan nan nan nan nan nan nan nan nan nan nan nan nan nan nan nan nan nan nan nan 78.7057672939145 -14.389351708644321 32.42305998536609 -375.9125962352998 -0.4548934376920263 -24.77509160816572 111.47300424883056 20.82430024852348 227.83897658799003 53.84326314596588 59.592102759989444 30.189236972517836 -24.05217062033961 16.508475830339904 99.53136541717866 52.56059899127965 -2.485775864149869 nan nan nan nan nan nan nan nan nan
2457712.34862 44.8187245841 12.8271862375 nan nan nan nan nan nan nan nan nan nan nan nan nan nan nan nan nan nan nan nan nan nan nan nan nan nan nan nan nan nan nan nan nan nan nan -42.664168646712554 -5.966824027630079 27.275986227927323 -21.52762206674716 -40.88626193109699 6.96944321726211 57.66970152298122 115.10564094884137 99.21867389076971 -18.606436249197497 64.78631105994718 43.78077269368968 59.394340769044064 61.7633260820815 127.21838418054863 85.14444174812321 88.49757482622914 nan nan nan nan nan nan nan nan nan
2457712.35697 -51.6210190842 12.2531035315 nan nan nan nan nan nan nan nan nan nan nan nan nan nan nan nan nan nan nan nan nan nan nan nan nan nan nan nan nan nan nan nan nan nan nan 14.974885225550105 -47.10984860642838 8.49517753744534 106.67296641414794 -150.88172583131893 -10.893872523996391 -11.56388335952285 -72.07001428412867 -100.06888112489143 -73.65899530368772 -27.09176052451096 -50.99066652135327 -83.1052436382283 -71.04851899921321 -71.38987599059519 -100.47105284483268 72.75547749172347 nan nan nan nan nan nan nan nan nan
2457712.3646 27.1474510424 17.1247293973 nan nan nan nan nan nan nan nan nan nan nan nan nan nan nan nan nan nan nan nan nan nan nan nan nan nan nan nan nan nan nan nan nan nan nan 76.32397631001454 50.70151115011512 47.34871141938922 57.864317366045476 57.00486493401072 -0.2765300768685662 -62.71934748965137 2.7802414838599714 20.794684932812128 -4.485119776864748 113.84255494250782 73.21048508987964 -10.639862278241853 135.56419748006934 19.051463598602666 -111.2197489813782 -212.36187402140288 nan nan nan nan nan nan nan nan nan
